1.515835e-06 3.899644e-16 1.710965e-15 1.458360e-15 1.401111e-07 4.845419e-15 9.340737e-08
1.566363e-06 0.000000e+00 1.901072e-15 1.666698e-15 1.363807e-07 4.522391e-15 9.333064e-08
1.618575e-06 5.849467e-16 2.281286e-15 1.666698e-15 1.332733e-07 4.037849e-15 9.325022e-08
1.672528e-06 1.949822e-16 2.091179e-15 1.875035e-15 1.307324e-07 4.683905e-15 9.316588e-08
1.728279e-06 3.899644e-16 2.091179e-15 1.666698e-15 1.287053e-07 5.006933e-15 9.307737e-08
1.785888e-06 1.949822e-16 2.091179e-15 1.666698e-15 1.271429e-07 4.360877e-15 9.298444e-08
1.845417e-06 3.899644e-16 2.091179e-15 2.083372e-15 1.259995e-07 5.329961e-15 9.288681e-08
1.906931e-06 1.949822e-16 1.901072e-15 1.666698e-15 1.252322e-07 4.522391e-15 9.278416e-08
1.970496e-06 5.849467e-16 1.710965e-15 1.666698e-15 1.248012e-07 5.491475e-15 9.267617e-08
2.036179e-06 5.849467e-16 1.901072e-15 1.666698e-15 1.246692e-07 5.006933e-15 9.256249e-08
2.104052e-06 7.799289e-16 2.091179e-15 1.875035e-15 1.248014e-07 5.652989e-15 9.244274e-08
2.174187e-06 9.749111e-16 2.091179e-15 2.291709e-15 1.251651e-07 5.168447e-15 9.231650e-08
2.246659e-06 1.364876e-15 2.091179e-15 1.666698e-15 1.257298e-07 5.814503e-15 9.218332e-08
2.321548e-06 1.364876e-15 2.091179e-15 1.875035e-15 1.264669e-07 5.652989e-15 9.204272e-08
2.398933e-06 1.169893e-15 1.710965e-15 2.083372e-15 1.273495e-07 5.814503e-15 9.189417e-08
2.478898e-06 1.754840e-15 2.281286e-15 2.083372e-15 1.283523e-07 6.460559e-15 9.173711e-08
2.561527e-06 1.754840e-15 1.520858e-15 1.875035e-15 1.294514e-07 6.137531e-15 9.157092e-08
2.646912e-06 2.144804e-15 1.140643e-15 1.875035e-15 1.306243e-07 6.299045e-15 9.139493e-08
2.735142e-06 2.339787e-15 2.091179e-15 1.666698e-15 1.318498e-07 6.783587e-15 9.120840e-08
2.826313e-06 2.534769e-15 1.710965e-15 2.083372e-15 1.331075e-07 6.622073e-15 9.101056e-08
2.920524e-06 2.924733e-15 1.330750e-15 2.083372e-15 1.343781e-07 7.106615e-15 9.080054e-08
3.017875e-06 3.119716e-15 1.520858e-15 1.875035e-15 1.356433e-07 7.268129e-15 9.057740e-08
3.118471e-06 3.509680e-15 1.140643e-15 2.291709e-15 1.368854e-07 6.945101e-15 9.034013e-08
3.222420e-06 3.509680e-15 1.330750e-15 1.666698e-15 1.380873e-07 7.429643e-15 9.008762e-08
3.329834e-06 3.509680e-15 1.140643e-15 1.666698e-15 1.392325e-07 7.914185e-15 8.981867e-08
3.440828e-06 4.289609e-15 3.802144e-16 1.875035e-15 1.403050e-07 8.398726e-15 8.953195e-08
3.555522e-06 4.289609e-15 3.802144e-16 1.875035e-15 1.412891e-07 8.237212e-15 8.922604e-08
3.674040e-06 4.874556e-15 5.703216e-16 1.666698e-15 1.421694e-07 8.237212e-15 8.889937e-08
3.796508e-06 5.069538e-15 3.802144e-16 1.458360e-15 1.429308e-07 9.044782e-15 8.855023e-08
3.923058e-06 5.069538e-15 5.703216e-16 1.458360e-15 1.435581e-07 9.852352e-15 8.817677e-08
4.053827e-06 5.069538e-15 1.901072e-16 1.666698e-15 1.440362e-07 9.690838e-15 8.777693e-08
4.188954e-06 5.264520e-15 3.802144e-16 1.041686e-15 1.443499e-07 9.852352e-15 8.734851e-08
4.328586e-06 5.654484e-15 1.901072e-16 1.041686e-15 1.444840e-07 1.065992e-14 8.688906e-08
4.472872e-06 6.239431e-15 0.000000e+00 1.458360e-15 1.444229e-07 1.098295e-14 8.639594e-08
4.621968e-06 6.434413e-15 7.604288e-16 1.458360e-15 1.441507e-07 1.114446e-14 8.586623e-08
4.776033e-06 7.214342e-15 5.703216e-16 1.041686e-15 1.436512e-07 1.162901e-14 8.529675e-08
4.935235e-06 7.019360e-15 9.505360e-16 1.666698e-15 1.429076e-07 1.243658e-14 8.468402e-08
5.099742e-06 8.579218e-15 1.140643e-15 2.083372e-15 1.419025e-07 1.227506e-14 8.402423e-08
5.269734e-06 8.189254e-15 9.505360e-16 1.875035e-15 1.406179e-07 1.275960e-14 8.331321e-08
5.445392e-06 7.994271e-15 1.140643e-15 1.875035e-15 1.390352e-07 1.356717e-14 8.254638e-08
5.626905e-06 8.774200e-15 1.330750e-15 2.291709e-15 1.371346e-07 1.389020e-14 8.171873e-08
5.814468e-06 8.969182e-15 2.091179e-15 3.125058e-15 1.348955e-07 1.421323e-14 8.082477e-08
6.008284e-06 8.969183e-15 2.281286e-15 3.750070e-15 1.322964e-07 1.453626e-14 7.985847e-08
6.208560e-06 9.359147e-15 1.710965e-15 3.541733e-15 1.293144e-07 1.469777e-14 7.881325e-08
6.415512e-06 9.749112e-15 3.041715e-15 4.583419e-15 1.259254e-07 1.421323e-14 7.768184e-08
6.629362e-06 9.554129e-15 2.661501e-15 5.208430e-15 1.221041e-07 1.518231e-14 7.645632e-08
6.850341e-06 9.359147e-15 2.471394e-15 5.208430e-15 1.178233e-07 1.534383e-14 7.512796e-08
7.078686e-06 8.774200e-15 2.471394e-15 6.458454e-15 1.130546e-07 1.534383e-14 7.368718e-08
7.314642e-06 8.579218e-15 2.281286e-15 7.500140e-15 1.077676e-07 1.437474e-14 7.212349e-08
7.558463e-06 8.189254e-15 2.091179e-15 8.958500e-15 1.019299e-07 1.469777e-14 7.042536e-08
7.810412e-06 7.604307e-15 1.710965e-15 1.041686e-14 9.550721e-08 1.502080e-14 6.858010e-08
8.070759e-06 7.409325e-15 1.710965e-15 1.229190e-14 8.846296e-08 1.421323e-14 6.657382e-08
8.339785e-06 7.799290e-15 2.091179e-15 1.479194e-14 8.075821e-08 1.179052e-14 6.439123e-08
8.617778e-06 3.899645e-15 7.604288e-16 1.479194e-14 7.235143e-08 1.389020e-14 6.201552e-08
8.905037e-06 5.069538e-15 7.604288e-16 2.062539e-14 6.319835e-08 1.033689e-14 5.942825e-08
9.201871e-06 3.119716e-15 3.802144e-16 2.250042e-14 5.325175e-08 8.883267e-15 5.660913e-08
9.508601e-06 1.696346e-14 7.984503e-15 1.729199e-14 9.934347e-08 2.228893e-14 5.682148e-08
9.825554e-06 1.910826e-14 9.695467e-15 1.937536e-14 9.499738e-08 2.438861e-14 5.427711e-08
1.015307e-05 2.047314e-14 1.064600e-14 2.166707e-14 8.971504e-08 2.648829e-14 5.156029e-08
1.049151e-05 2.242296e-14 1.178665e-14 2.375045e-14 8.342123e-08 2.745737e-14 4.865932e-08
1.084123e-05 2.417780e-14 1.311740e-14 2.562548e-14 7.603760e-08 3.052614e-14 4.556174e-08
1.120260e-05 2.729752e-14 1.520858e-14 2.916721e-14 6.748233e-08 3.214127e-14 4.225421e-08
1.157602e-05 2.963730e-14 1.691954e-14 3.166726e-14 5.766981e-08 3.488701e-14 3.872251e-08
1.196189e-05 3.217207e-14 1.901072e-14 3.500066e-14 4.651025e-08 3.844032e-14 3.495143e-08
1.236062e-05 3.568175e-14 2.091179e-14 3.791738e-14 3.390929e-08 4.150908e-14 3.092476e-08
1.277264e-05 3.977638e-14 2.395351e-14 4.187579e-14 1.976757e-08 4.506239e-14 2.662517e-08
1.319839e-05 4.289610e-14 2.642490e-14 4.583420e-14 3.980291e-09 5.006932e-14 2.203417e-08
1.363834e-05 4.757568e-14 2.889630e-14 5.000094e-14 1.356321e-08 5.507625e-14 1.713200e-08
1.409295e-05 5.147532e-14 2.851608e-14 5.500104e-14 2.747804e-08 5.636836e-14 1.189753e-08
1.456271e-05 5.615490e-14 3.079737e-14 6.000113e-14 1.792186e-08 6.089075e-14 6.308314e-09
1.504814e-05 6.180939e-14 3.269844e-14 6.541790e-14 6.633779e-09 6.702828e-14 3.402718e-10
1.554974e-05 6.122444e-14 3.212812e-14 6.458456e-14 2.474348e-09 6.735130e-14 2.253063e-14
1.606807e-05 6.024953e-14 3.022705e-14 6.395955e-14 2.640443e-09 6.751281e-14 2.383675e-14
1.660367e-05 5.946960e-14 2.889630e-14 6.229285e-14 9.377927e-09 6.751281e-14 2.563267e-14
1.715713e-05 5.849469e-14 2.718533e-14 6.041782e-14 1.789959e-08 6.799735e-14 2.840819e-14
1.772903e-05 5.595992e-14 2.376340e-14 5.666775e-14 2.837211e-08 6.767432e-14 3.020411e-14
1.832000e-05 6.161441e-14 3.003694e-14 6.520958e-14 6.234246e-09 6.751281e-14 2.383675e-14
1.893067e-05 6.102947e-14 2.927652e-14 6.458457e-14 5.361369e-09 6.718977e-14 2.383675e-14
1.956169e-05 6.102947e-14 2.927652e-14 6.458457e-14 3.113923e-09 6.702826e-14 2.416329e-14
2.021375e-05 5.985958e-14 2.908641e-14 6.395956e-14 7.792826e-10 6.638220e-14 2.383676e-14
2.088754e-05 5.888467e-14 2.889630e-14 6.291788e-14 6.598598e-09 6.589766e-14 2.351022e-14
2.158379e-05 5.634990e-14 2.794577e-14 6.104285e-14 1.463368e-08 6.525160e-14 2.285716e-14
2.230325e-05 6.102948e-14 2.965673e-14 6.500126e-14 4.271121e-09 6.638219e-14 2.285716e-14
2.304669e-05 6.180941e-14 3.060727e-14 6.458459e-14 4.002018e-09 6.622067e-14 2.187757e-14
2.381491e-05 6.180942e-14 3.136770e-14 6.479293e-14 2.324817e-09 6.654370e-14 2.138778e-14
2.460874e-05 6.239437e-14 3.193802e-14 6.354291e-14 1.162697e-09 6.670521e-14 2.024492e-14
2.542904e-05 6.122448e-14 3.307867e-14 6.208455e-14 6.883374e-09 6.735126e-14 1.828573e-14
2.627667e-05 6.024957e-14 3.440942e-14 5.958451e-14 1.527972e-08 6.832034e-14 1.632655e-14
2.715256e-05 6.317431e-14 3.155781e-14 6.583463e-14 2.070011e-09 6.702822e-14 1.926533e-14
2.805765e-05 6.278435e-14 3.003696e-14 6.625131e-14 3.750664e-10 6.702822e-14 1.942859e-14
2.899290e-05 6.200443e-14 2.813588e-14 6.625132e-14 3.306369e-09 6.622064e-14 1.991839e-14
2.995933e-05 5.868973e-14 2.414363e-14 6.458463e-14 9.548187e-09 6.654366e-14 2.057145e-14
3.095798e-05 5.381517e-14 1.844041e-14 6.208458e-14 1.895994e-08 6.589760e-14 2.171431e-14
3.198991e-05 4.582090e-14 9.885582e-15 5.729283e-14 3.218469e-08 6.573608e-14 2.236737e-14
3.305625e-05 3.548683e-14 3.802147e-16 5.020935e-14 4.989747e-08 6.557456e-14 2.563268e-14
3.415812e-05 7.058369e-14 2.984686e-14 7.583489e-14 1.820356e-08 6.670515e-14 2.204084e-14
3.529673e-05 7.077868e-14 3.022707e-14 7.625157e-14 1.688688e-08 6.589757e-14 2.302044e-14
3.647329e-05 6.882887e-14 3.003697e-14 7.333485e-14 1.225859e-08 6.670513e-14 2.400003e-14
3.768906e-05 6.453926e-14 3.003697e-14 6.750141e-14 3.404903e-09 6.702815e-14 2.448983e-14
3.894537e-05 5.557007e-14 2.889633e-14 5.666786e-14 1.064177e-08 6.767419e-14 2.481636e-14
4.024355e-05 4.114135e-14 2.642493e-14 3.895916e-14 3.089980e-08 6.961234e-14 2.334697e-14
4.158500e-05 1.774343e-14 2.262279e-14 1.208359e-14 5.843632e-08 7.155049e-14 2.204085e-14
4.297117e-05 1.637855e-14 1.520860e-14 2.833394e-14 9.436614e-08 7.510378e-14 1.844901e-14
4.440355e-05 6.258949e-14 4.562580e-15 8.250180e-14 1.398515e-07 7.849555e-14 1.355104e-14
4.588367e-05 1.265439e-13 7.794408e-15 1.550034e-13 1.961028e-07 7.962612e-14 8.816340e-15
4.741313e-05 2.187708e-13 3.269850e-14 2.608391e-13 2.643796e-07 9.044750e-14 4.734702e-15
4.899357e-05 3.347857e-13 5.931356e-14 3.931338e-13 3.459928e-07 9.610045e-14 1.632656e-14
5.062669e-05 2.267652e-13 9.771530e-14 2.331303e-13 1.689882e-07 6.056749e-14 5.616336e-14
5.231425e-05 2.369044e-13 1.017076e-13 2.437556e-13 1.642588e-07 6.024445e-14 5.795929e-14
5.405807e-05 2.351496e-13 1.015175e-13 2.422973e-13 1.482725e-07 5.943687e-14 5.779603e-14
5.586001e-05 2.133116e-13 9.372308e-14 2.195885e-13 1.190277e-07 6.024441e-14 5.420419e-14
5.772201e-05 1.649558e-13 7.566287e-14 1.700041e-13 7.444770e-08 6.266709e-14 4.653071e-14
5.964609e-05 7.974818e-14 4.201381e-14 8.104364e-14 1.237988e-08 6.476674e-14 3.281640e-14
6.163430e-05 5.596023e-14 9.125173e-15 5.895979e-14 6.940629e-08 6.993513e-14 1.191839e-14
6.368878e-05 2.573782e-13 8.725949e-14 2.670901e-13 1.732227e-07 7.768772e-14 1.942862e-14
6.581175e-05 5.455640e-13 1.998034e-13 5.652228e-13 3.014668e-07 8.915510e-14 6.514302e-14
6.800549e-05 9.400162e-13 3.526502e-13 9.744005e-13 4.566277e-07 1.044988e-13 1.250616e-13
7.027235e-05 1.472127e-12 5.587273e-13 1.526707e-12 6.412921e-07 1.235572e-13 2.058781e-13
7.261477e-05 4.972088e-13 2.030354e-13 5.166807e-13 2.095028e-07 4.748471e-14 8.914311e-14
7.503528e-05 4.960392e-13 2.020849e-13 5.154310e-13 1.908837e-07 4.813074e-14 8.849006e-14
7.753647e-05 4.262352e-13 1.748995e-13 4.425126e-13 1.463748e-07 5.136096e-14 7.885740e-14
8.012104e-05 2.579641e-13 1.095023e-13 2.670911e-13 7.189773e-08 5.846747e-14 5.583692e-14
8.279176e-05 4.660126e-14 8.744980e-15 5.104319e-14 3.675596e-08 7.219596e-14 1.355107e-14
8.555150e-05 5.354274e-13 1.971423e-13 5.600171e-13 1.839310e-07 9.286946e-14 5.371449e-14
8.840324e-05 1.266620e-12 4.790732e-13 1.322541e-12 3.741168e-07 1.246872e-13 1.533067e-13
9.135004e-05 2.313495e-12 8.824836e-13 2.412994e-12 6.119574e-07 1.694259e-13 2.961645e-13
9.439507e-05 6.206372e-13 2.448598e-13 6.452297e-13 1.641981e-07 4.490025e-14 1.043270e-13
9.754160e-05 6.044540e-13 2.383963e-13 6.289798e-13 1.459399e-07 4.522323e-14 1.018780e-13
1.007930e-04 4.367672e-13 1.741396e-13 4.545993e-13 9.218205e-08 5.216818e-14 8.000039e-14
1.041528e-04 4.211688e-14 2.357350e-14 4.333491e-14 4.312036e-09 6.848075e-14 2.644912e-14
1.076246e-04 6.742609e-13 2.507538e-13 7.029430e-13 1.510268e-07 9.884474e-14 7.053100e-14
1.112122e-04 1.832869e-12 6.933279e-13 1.909866e-12 3.556976e-07 1.464903e-13 2.269401e-13
1.149193e-04 3.583263e-12 1.360802e-12 3.733275e-12 6.263182e-07 2.180393e-13 4.623702e-13
1.187500e-04 6.276618e-13 2.450510e-13 6.531522e-13 1.084372e-07 4.425384e-14 1.051435e-13
1.227084e-04 4.564642e-13 1.788931e-13 4.748122e-13 6.906290e-08 5.039116e-14 8.114342e-14
1.267987e-04 4.309217e-14 1.273735e-14 4.729379e-14 1.716520e-08 7.106434e-14 1.191846e-14
1.310254e-04 1.036749e-12 3.923867e-13 1.084634e-12 1.614937e-07 1.114416e-13 1.244091e-13
1.353930e-04 2.738995e-12 1.044084e-12 2.860555e-12 3.757015e-07 1.808904e-13 3.578805e-13
1.399062e-04 6.417064e-13 2.494246e-13 6.669087e-13 8.294289e-08 4.150781e-14 1.056336e-13
1.445698e-04 4.839619e-13 1.904907e-13 5.031515e-13 5.519119e-08 4.877561e-14 8.522529e-14
1.493889e-04 1.210882e-13 3.916280e-14 1.266736e-13 2.186755e-08 7.348627e-14 4.081673e-15
1.543687e-04 1.434928e-12 5.397248e-13 1.494253e-12 1.635113e-07 1.282373e-13 1.722467e-13
1.595144e-04 6.112939e-13 2.401104e-13 6.367050e-13 6.280133e-08 4.344551e-14 9.991949e-14
1.648317e-04 5.955013e-13 2.345975e-13 6.208724e-13 5.569688e-08 4.425293e-14 9.469501e-14
1.703263e-04 9.827555e-14 4.391580e-14 1.016734e-13 3.353151e-09 6.589468e-14 2.253090e-14
1.760040e-04 1.235078e-12 4.669151e-13 1.289464e-12 1.132125e-07 1.214526e-13 1.657165e-13
1.818710e-04 6.212459e-13 2.444845e-13 6.469220e-13 4.975712e-08 4.441402e-14 9.110336e-14
1.879336e-04 5.652850e-13 2.243330e-13 5.887949e-13 4.088849e-08 4.715945e-14 8.522580e-14
1.941983e-04 1.774444e-13 5.855482e-14 1.843898e-13 1.780625e-08 7.768359e-14 1.175529e-14
2.006718e-04 2.147671e-12 8.085525e-13 2.236647e-12 1.499839e-07 1.598887e-13 2.713517e-13
2.073611e-04 6.522599e-13 2.600758e-13 6.800604e-13 4.042154e-08 4.328280e-14 1.071040e-13
2.142735e-04 1.920714e-13 8.441076e-14 2.008521e-13 8.070466e-09 6.169386e-14 4.832749e-14
2.214163e-04 1.535604e-12 5.766182e-13 1.600783e-12 9.151456e-08 1.321082e-13 1.818814e-13
2.287972e-04 6.590945e-13 2.629295e-13 6.886134e-13 3.410571e-08 4.150566e-14 1.137985e-13
2.364242e-04 2.174244e-13 9.410736e-14 2.296086e-13 8.200400e-09 6.056239e-14 4.996038e-14
2.443055e-04 1.751886e-12 6.587536e-13 1.820003e-12 8.613833e-08 1.421189e-13 2.254751e-13
2.524495e-04 6.538413e-13 2.595098e-13 6.852925e-13 2.806187e-08 4.295839e-14 1.051457e-13
2.608651e-04 1.064718e-13 3.212990e-14 1.093892e-13 7.158304e-09 7.509592e-14 1.632700e-16
2.695612e-04 3.036222e-12 1.153449e-12 3.169394e-12 1.217870e-07 1.981549e-13 3.982164e-13
2.785473e-04 9.907093e-12 3.780521e-12 1.033921e-11 3.579195e-07 4.848055e-13 1.329676e-12
2.878330e-04 4.541341e-12 1.742450e-12 4.731354e-12 1.607778e-07 1.159518e-13 6.321855e-13
2.974283e-04 3.915206e-12 1.504617e-12 4.079207e-12 1.262689e-07 9.124263e-14 5.516941e-13
3.073435e-04 8.436192e-13 3.121801e-13 8.789020e-13 2.703623e-08 1.035150e-13 8.784024e-14
3.175893e-04 1.297599e-11 4.944906e-12 1.351977e-11 3.561337e-07 6.029970e-13 1.725298e-12
3.281768e-04 3.699073e-11 1.411765e-11 3.854250e-11 9.246244e-07 1.593710e-12 4.973287e-12
3.391172e-04 8.546456e-12 3.276805e-12 8.907257e-12 2.131157e-07 2.863122e-13 1.189282e-12
3.504225e-04 2.247997e-12 8.694474e-13 2.340722e-12 5.012110e-08 2.535277e-14 3.285068e-13
3.621048e-04 1.647240e-11 6.285617e-12 1.717400e-11 3.464111e-07 7.507228e-13 2.224939e-12
3.741767e-04 5.536109e-11 2.114937e-11 5.771157e-11 1.060718e-06 2.362749e-12 7.526157e-12
3.866511e-04 1.248611e-10 4.771475e-11 1.301571e-10 2.184456e-06 5.244411e-12 1.699682e-11
3.995415e-04 5.928899e-11 2.267115e-11 6.179394e-11 1.069803e-06 2.387866e-12 8.079398e-12
4.128619e-04 6.364903e-11 2.433711e-11 6.633888e-11 1.048852e-06 2.568511e-12 8.673273e-12
4.266264e-04 4.695627e-11 1.795696e-11 4.894047e-11 7.064950e-07 1.875768e-12 6.405223e-12
4.408501e-04 5.604732e-12 2.132771e-12 5.843006e-12 7.798466e-08 3.022613e-13 7.383458e-13
4.555481e-04 1.140430e-10 4.357882e-11 1.188684e-10 1.434955e-06 4.794907e-12 1.547726e-11
4.707364e-04 3.047878e-10 1.164838e-10 3.176822e-10 3.503663e-06 1.269653e-11 4.140596e-11
4.864314e-04 6.121370e-10 2.339552e-10 6.380351e-10 6.431647e-06 2.542829e-11 8.318603e-11
5.026499e-04 1.737130e-10 6.641397e-11 1.810633e-10 1.921635e-06 7.125250e-12 2.365360e-11
5.194094e-04 1.515471e-10 5.794072e-11 1.579590e-10 1.531184e-06 6.207726e-12 2.063759e-11
5.367280e-04 4.927848e-11 1.884463e-11 5.136180e-11 4.544731e-07 1.971995e-12 6.723421e-12
5.546245e-04 1.782527e-10 6.813615e-11 1.858002e-10 1.504670e-06 7.451054e-12 2.423168e-11
5.731180e-04 5.905250e-10 2.257391e-10 6.155237e-10 4.554703e-06 2.452414e-11 8.031974e-11
5.922287e-04 1.768965e-10 6.764603e-11 1.843804e-10 1.429900e-06 7.261034e-12 2.409708e-11
6.119770e-04 1.525325e-10 5.833057e-11 1.589861e-10 1.126025e-06 6.250766e-12 2.078333e-11
6.323844e-04 1.024500e-12 3.852831e-13 1.067592e-12 7.324728e-09 1.113742e-13 1.138149e-13
6.534729e-04 3.638648e-10 1.391241e-10 3.792600e-10 2.243233e-06 1.514253e-11 4.949501e-11
6.752653e-04 1.042554e-09 3.986324e-10 1.086669e-09 5.873087e-06 4.325505e-11 1.418652e-10
6.977851e-04 1.593748e-10 6.096977e-11 1.661182e-10 9.353728e-07 6.534993e-12 2.173306e-11
7.210567e-04 2.202458e-11 8.433696e-12 2.295513e-11 1.177630e-07 8.432174e-13 3.024328e-12
7.451053e-04 3.673418e-10 1.404988e-10 3.828894e-10 1.799574e-06 1.528906e-11 5.001237e-11
7.699569e-04 1.540907e-10 5.897320e-11 1.606071e-10 7.732039e-07 6.317351e-12 2.102837e-11
7.956384e-04 1.310498e-10 5.015606e-11 1.365925e-10 6.003482e-07 5.361743e-12 1.788700e-11
8.221776e-04 1.032784e-10 3.951241e-11 1.076481e-10 4.325349e-07 4.350091e-12 1.405620e-11
8.496033e-04 7.177418e-10 2.746400e-10 7.481067e-10 2.744062e-06 2.981279e-11 9.782055e-11
8.779453e-04 1.564219e-10 5.989029e-11 1.630372e-10 6.021254e-07 6.415431e-12 2.136391e-11
9.072343e-04 2.475420e-11 9.467429e-12 2.580370e-11 8.726233e-08 1.095093e-12 3.356577e-12
9.375020e-04 6.228296e-10 2.384232e-10 6.491810e-10 2.000127e-06 2.588508e-11 8.496362e-11
9.687814e-04 1.567976e-10 6.006649e-11 1.634291e-10 5.018088e-07 6.433569e-12 2.143840e-11
1.001107e-03 5.907100e-11 2.261503e-11 6.156729e-11 1.728517e-07 2.519986e-12 8.045473e-12
1.034513e-03 8.076100e-10 3.093179e-10 8.417618e-10 2.155883e-06 3.355654e-11 1.102882e-10
1.069036e-03 1.323933e-10 5.074761e-11 1.379916e-10 3.492668e-07 5.422079e-12 1.812910e-11
1.104714e-03 2.566730e-10 9.835452e-11 2.675305e-10 6.186640e-07 1.071500e-11 3.507525e-11
1.141586e-03 1.638464e-10 6.284025e-11 1.707707e-10 3.877127e-07 6.731277e-12 2.245885e-11
1.179691e-03 7.326181e-12 2.799657e-12 7.635187e-12 1.596754e-08 3.740509e-13 9.808117e-13
1.219073e-03 8.665444e-10 3.322867e-10 9.031756e-10 1.709870e-06 3.602374e-11 1.186407e-10
1.259773e-03 9.499295e-11 3.646207e-11 9.900604e-11 1.829422e-07 3.873722e-12 1.304941e-11
1.301837e-03 5.832282e-10 2.237923e-10 6.078873e-10 1.026227e-06 2.427656e-11 7.994946e-11
1.345310e-03 2.605717e-09 9.998845e-10 2.715883e-09 4.186270e-06 1.081964e-10 3.572951e-10
1.390241e-03 5.497842e-10 2.111624e-10 5.730118e-10 8.666577e-07 2.276656e-11 7.555333e-11
1.436678e-03 5.368027e-10 2.061661e-10 5.594845e-10 7.727668e-07 2.235793e-11 7.372403e-11
1.484673e-03 3.828968e-09 1.470593e-09 3.990781e-09 5.033078e-06 1.590114e-10 5.260418e-10
1.534278e-03 9.213225e-10 3.542459e-10 9.602409e-10 1.192383e-06 3.821828e-11 1.268798e-10
1.585549e-03 6.587183e-10 2.532632e-10 6.865438e-10 7.785300e-07 2.743457e-11 9.069585e-11
1.638543e-03 5.640373e-09 2.168664e-09 5.878684e-09 6.087396e-06 2.342987e-10 7.767397e-10
1.693318e-03 9.534257e-10 3.670972e-10 9.936826e-10 1.015508e-06 3.957964e-11 1.316786e-10
1.749935e-03 1.716966e-09 6.610565e-10 1.789467e-09 1.670030e-06 7.143864e-11 2.370865e-10
1.808457e-03 9.605191e-09 3.698188e-09 1.001086e-08 8.532180e-06 3.991550e-10 1.326541e-09
1.868949e-03 3.659076e-09 1.411532e-09 3.813459e-09 3.244450e-06 1.522703e-10 5.073387e-10
1.931480e-03 1.803935e-09 6.958995e-10 1.880061e-09 1.460500e-06 7.499687e-11 2.501521e-10
1.996119e-03 6.585391e-09 2.540394e-09 6.863346e-09 4.869455e-06 2.739519e-10 9.131895e-10
2.062940e-03 2.674430e-08 1.031697e-08 2.787338e-08 1.806377e-05 1.111699e-09 3.709000e-09
2.132017e-03 7.154005e-09 2.766732e-09 7.455621e-09 4.845431e-06 2.980684e-10 9.971883e-10
2.203429e-03 1.125521e-09 4.352925e-10 1.172986e-09 6.961594e-07 4.680513e-11 1.569239e-10
2.277258e-03 1.897634e-08 7.338981e-09 1.977679e-08 1.072175e-05 7.898152e-10 2.645659e-09
2.353586e-03 1.058406e-08 4.106977e-09 1.102971e-08 6.030332e-06 4.419493e-10 1.485500e-09
2.432503e-03 9.017306e-09 3.499098e-09 9.397091e-09 4.691914e-06 3.762184e-10 1.265817e-09
2.514099e-03 7.969213e-09 3.092437e-09 8.304964e-09 3.787575e-06 3.323353e-10 1.118829e-09
2.598468e-03 5.330700e-08 2.068592e-08 5.555364e-08 2.314598e-05 2.220586e-09 7.485342e-09
2.685707e-03 1.158037e-08 4.513444e-09 1.206726e-08 5.090590e-06 4.844886e-10 1.640311e-09
2.775920e-03 3.339434e-09 1.301577e-09 3.479894e-09 1.340906e-06 1.396550e-10 4.731008e-10
2.869212e-03 5.144589e-08 2.005225e-08 5.361058e-08 1.887211e-05 2.148096e-09 7.290306e-09
2.965692e-03 1.636831e-08 6.414611e-09 1.705496e-08 6.077345e-06 6.871259e-10 2.344592e-09
3.065476e-03 2.806884e-09 1.100069e-09 2.924683e-09 9.519804e-07 1.176264e-10 4.022112e-10
3.168682e-03 5.109397e-08 2.002570e-08 5.323936e-08 1.583316e-05 2.139615e-09 7.323167e-09
3.275436e-03 2.175190e-08 8.582774e-09 2.266178e-08 6.823409e-06 9.168636e-10 3.159188e-09
3.385866e-03 8.592386e-09 3.390711e-09 8.951992e-09 2.462545e-06 3.615939e-10 1.248487e-09
3.500107e-03 5.600084e-08 2.210108e-08 5.834592e-08 1.466631e-05 2.353387e-09 8.140378e-09
3.618301e-03 2.370031e-08 9.430305e-09 2.468813e-08 6.280948e-06 1.003760e-09 3.500799e-09
3.740593e-03 2.995945e-09 1.192287e-09 3.120894e-09 7.255661e-07 1.265974e-10 4.428155e-10
3.867138e-03 8.967117e-08 3.569184e-08 9.341338e-08 1.985051e-05 3.783861e-09 1.326122e-08
3.998095e-03 2.144139e-08 8.620231e-09 2.233097e-08 4.807981e-06 9.131358e-10 3.233295e-09
4.133633e-03 2.511492e-08 1.009980e-08 2.615765e-08 5.148614e-06 1.067411e-09 3.790319e-09
4.273927e-03 2.180335e-08 8.873147e-09 2.270214e-08 4.527855e-06 9.365518e-10 3.366974e-09
4.419159e-03 2.267328e-09 9.231032e-10 2.360859e-09 4.305884e-07 9.709905e-11 3.505431e-10
4.569524e-03 1.114280e-07 4.538419e-08 1.160283e-07 1.935723e-05 4.762827e-09 1.724610e-08
4.725223e-03 1.164872e-08 4.812220e-09 1.212546e-08 2.049998e-06 5.038955e-10 1.852297e-09
4.886468e-03 7.996049e-08 3.305300e-08 8.323561e-08 1.287868e-05 3.449469e-09 1.273437e-08
5.053482e-03 1.317496e-08 5.538319e-09 1.370886e-08 2.153315e-06 5.761595e-10 2.165570e-09
5.226499e-03 7.383676e-08 3.106681e-08 7.683110e-08 1.105298e-05 3.219215e-09 1.216199e-08
5.405766e-03 1.015622e-08 4.360023e-09 1.056262e-08 1.548439e-06 4.497697e-10 1.736349e-09
5.591544e-03 8.962688e-08 3.852775e-08 9.321546e-08 1.252878e-05 3.956129e-09 1.536676e-08
5.784107e-03 3.977362e-08 1.756520e-08 4.133594e-08 5.763224e-06 1.792275e-09 7.161463e-09
5.983745e-03 3.770475e-08 1.668509e-08 3.918615e-08 5.017121e-06 1.692999e-09 6.816312e-09
6.190765e-03 3.512317e-07 1.557563e-07 3.650351e-07 4.293754e-05 1.570793e-08 6.376529e-08
6.405492e-03 6.325369e-08 2.921872e-08 6.566210e-08 8.299595e-06 2.915875e-09 1.233832e-08
6.628271e-03 1.455322e-07 6.745659e-08 1.510695e-07 1.759127e-05 6.682778e-09 2.856810e-08
6.859469e-03 1.080041e-07 5.345265e-08 1.118823e-07 1.481092e-05 5.201731e-09 2.368373e-08
7.099475e-03 4.811089e-08 2.395658e-08 4.983245e-08 6.108075e-06 2.309959e-09 1.065996e-08
7.348703e-03 3.406955e-07 1.707683e-07 3.528400e-07 4.008878e-05 1.630363e-08 7.633074e-08
7.607598e-03 8.880948e-08 5.034455e-08 9.156660e-08 1.317632e-05 4.635621e-09 2.416566e-08
7.876632e-03 8.107703e-08 4.660397e-08 8.355578e-08 1.127953e-05 4.233854e-09 2.253303e-08
8.156312e-03 5.372894e-08 4.020515e-08 5.470463e-08 1.156052e-05 3.382623e-09 2.176103e-08
8.447181e-03 2.410183e-11 1.876614e-11 2.448601e-11 5.039787e-09 1.604435e-12 1.027367e-11
8.749823e-03 2.779736e-07 2.263196e-07 2.817280e-07 5.670022e-05 1.819470e-08 1.258618e-07
9.064868e-03 2.322700e-09 7.532454e-09 1.942467e-09 2.557619e-06 4.777115e-10 5.176533e-09
9.392992e-03 1.995318e-08 1.344758e-07 1.155786e-08 4.360586e-05 8.008942e-09 9.532400e-08
9.734930e-03 1.719757e-09 5.444766e-10 1.886525e-09 3.382079e-07 2.820308e-12 6.418281e-10
1.009147e-02 7.007164e-08 1.567460e-09 7.514289e-08 5.834314e-06 1.503149e-09 8.824781e-09
1.046349e-02 5.422864e-08 2.222378e-09 5.809953e-08 3.799339e-06 1.204811e-09 6.046651e-09
1.085191e-02 1.225731e-07 1.691565e-08 1.304832e-07 5.049728e-06 3.464157e-09 5.020155e-09
1.125776e-02 3.237606e-07 4.711659e-08 3.446013e-07 1.141652e-05 9.142612e-09 1.123438e-08
1.168216e-02 9.142134e-08 1.754048e-08 9.702445e-08 2.124095e-06 2.870602e-09 1.014696e-10
1.212633e-02 2.337416e-07 5.180659e-08 2.476390e-07 3.741888e-06 7.882188e-09 4.775396e-09
1.259163e-02 2.883400e-07 6.449172e-08 3.055712e-07 3.984804e-06 9.564457e-09 6.538175e-09
1.307954e-02 3.464558e-07 8.457738e-08 3.667819e-07 3.368723e-06 1.212171e-08 1.296830e-08
1.359169e-02 1.889556e-06 4.628651e-07 2.001279e-06 1.583631e-05 6.470003e-08 7.343732e-08
1.412991e-02 2.197848e-07 5.720669e-08 2.326383e-07 1.300262e-06 7.862896e-09 1.096980e-08
1.469623e-02 6.544835e-07 1.788896e-07 6.924721e-07 2.697527e-06 2.442442e-08 3.880322e-08
1.529289e-02 3.380283e-06 9.221041e-07 3.578812e-06 1.190500e-05 1.225050e-07 2.022181e-07
1.592244e-02 1.452465e-06 4.118042e-07 1.537516e-06 3.471351e-06 5.459436e-08 9.817254e-08
1.658769e-02 2.511263e-07 7.361360e-08 2.658206e-07 3.894871e-07 9.771590e-09 1.873061e-08
1.729186e-02 5.517959e-07 1.667479e-07 5.841114e-07 5.058673e-07 2.221779e-08 4.481243e-08
1.803855e-02 8.848957e-07 2.750679e-07 9.368409e-07 3.877125e-07 3.682653e-08 7.751571e-08
1.883188e-02 9.321378e-07 2.979943e-07 9.870250e-07 6.256912e-08 4.014866e-08 8.775454e-08
1.967653e-02 6.309412e-06 2.001584e-06 6.688759e-06 4.781472e-08 2.592135e-07 5.904217e-07
2.057786e-02 5.825956e-06 1.899745e-06 6.178200e-06 1.386777e-06 2.470032e-07 5.838391e-07
2.154204e-02 6.401334e-06 2.146495e-06 6.790822e-06 2.716775e-06 2.799719e-07 6.861288e-07
2.257620e-02 8.951506e-07 3.218477e-07 9.487854e-07 6.524902e-07 4.435242e-08 1.110424e-07
2.368861e-02 7.971691e-07 2.965275e-07 8.451220e-07 6.588665e-07 4.095404e-08 1.063570e-07
2.488891e-02 1.899420e-07 7.337802e-08 2.013952e-07 1.715614e-07 1.013523e-08 2.738639e-08
2.618843e-02 1.721576e-06 6.946261e-07 1.825307e-06 1.664845e-06 9.573342e-08 2.702150e-07
2.760048e-02 6.419779e-07 2.916710e-07 6.784381e-07 7.725016e-07 4.263617e-08 1.239046e-07
2.914087e-02 3.300087e-07 1.617633e-07 3.480986e-07 4.237653e-07 2.352434e-08 7.221598e-08
3.082841e-02 4.337178e-07 2.651360e-07 4.524955e-07 7.434296e-07 4.110802e-08 1.319783e-07
3.268564e-02 7.020145e-07 5.200222e-07 7.230794e-07 1.436885e-06 8.022586e-08 2.770447e-07
3.473974e-02 2.070445e-08 3.466637e-08 1.901950e-08 1.049722e-07 5.823233e-09 2.163266e-08
3.702336e-02 9.526759e-08 1.334391e-07 1.241516e-07 4.681554e-07 2.528933e-08 1.039663e-07
3.937239e-02 2.053254e-06 9.614956e-07 2.451748e-06 3.705361e-06 1.932647e-07 8.984744e-07
4.178756e-02 1.046599e-06 1.224191e-07 1.208322e-06 7.919881e-07 3.645171e-08 2.031042e-07
4.426936e-02 1.569807e-07 6.018864e-10 1.796188e-07 6.465597e-08 2.221489e-09 1.718017e-08
4.681803e-02 1.237463e-06 8.188608e-08 1.412468e-06 3.038743e-07 3.985876e-09 8.051091e-08
4.943360e-02 1.962129e-06 1.761046e-07 2.244985e-06 3.392683e-07 2.373991e-09 9.013638e-08
5.211590e-02 1.476622e-06 1.796491e-07 1.691322e-06 1.543450e-07 1.010946e-08 3.353649e-08
5.486460e-02 5.965257e-06 7.975730e-07 6.858937e-06 4.332341e-07 5.282720e-08 7.088870e-08
5.767920e-02 7.757689e-07 1.187986e-07 8.943876e-07 3.094246e-08 9.638828e-09 2.260216e-09
6.055908e-02 1.170729e-05 1.873984e-06 1.355972e-05 2.863245e-07 1.561162e-07 1.176287e-07
6.350349e-02 4.365647e-07 7.603505e-08 5.073782e-07 2.863515e-09 7.009853e-09 9.293123e-09
6.651160e-02 1.093412e-05 1.956749e-06 1.277124e-05 1.652428e-08 1.804766e-07 2.928213e-07
6.958252e-02 2.165998e-06 4.134240e-07 2.539380e-06 2.695616e-08 4.114431e-08 7.929859e-08
7.271527e-02 4.395095e-06 8.548486e-07 5.179723e-06 7.327374e-08 8.438297e-08 1.810635e-07
7.590884e-02 3.155375e-06 6.461669e-07 3.733447e-06 7.430919e-08 6.782889e-08 1.580018e-07
7.916220e-02 3.084239e-06 6.410084e-07 3.668875e-06 7.932334e-08 6.659243e-08 1.671314e-07
8.247427e-02 3.726080e-07 7.856727e-08 4.456318e-07 1.021031e-08 8.087505e-09 2.169537e-08
8.584399e-02 1.105670e-05 2.363491e-06 1.329560e-05 3.168538e-07 2.410551e-07 6.869247e-07
8.927027e-02 2.811623e-06 6.266021e-07 3.394768e-06 9.037702e-08 6.739304e-08 1.979409e-07
9.275204e-02 1.751896e-06 3.942900e-07 2.127068e-06 5.687995e-08 4.180868e-08 1.292599e-07
9.628825e-02 4.308017e-06 9.811809e-07 5.259280e-06 1.414188e-07 1.031564e-07 3.337965e-07
9.987784e-02 6.810549e-06 1.572916e-06 8.359009e-06 2.263406e-07 1.648677e-07 5.552593e-07
1.035198e-01 8.064227e-06 1.891448e-06 9.949743e-06 2.714315e-07 1.984809e-07 6.924132e-07
1.072131e-01 7.554520e-06 1.802148e-06 9.368690e-06 2.577111e-07 1.900619e-07 6.837103e-07
1.109567e-01 4.941085e-05 1.159185e-05 6.171717e-05 1.580651e-06 1.140876e-06 4.394893e-06
1.147497e-01 3.280963e-05 7.825874e-06 4.119216e-05 1.060900e-06 7.743512e-07 3.065544e-06
1.185913e-01 2.080318e-05 5.040605e-06 2.625278e-05 6.776325e-07 5.007007e-07 2.034767e-06
1.224803e-01 1.365420e-05 3.357223e-06 1.732023e-05 4.465814e-07 3.341319e-07 1.393062e-06
1.264161e-01 7.902751e-06 1.970096e-06 1.007656e-05 2.589008e-07 1.961583e-07 8.385230e-07
1.303978e-01 3.796038e-06 9.588176e-07 4.865329e-06 1.243422e-07 9.538903e-08 4.178391e-07
1.344244e-01 9.671081e-07 2.473451e-07 1.245962e-06 3.162647e-08 2.455884e-08 1.101817e-07
1.384953e-01 8.859909e-07 2.293576e-07 1.147360e-06 2.890210e-08 2.271282e-08 1.042983e-07
1.426097e-01 2.351229e-06 6.158503e-07 3.060543e-06 7.645794e-08 6.078665e-08 2.855403e-07
1.467668e-01 3.315492e-06 8.784822e-07 4.337821e-06 1.074432e-07 8.639717e-08 4.148685e-07
1.509659e-01 3.462648e-06 9.279380e-07 4.553420e-06 1.118070e-07 9.090547e-08 4.459378e-07
1.552064e-01 3.060805e-06 8.294716e-07 4.045344e-06 9.846680e-08 8.091977e-08 4.052814e-07
1.594876e-01 1.554210e-05 4.160961e-06 2.068862e-05 4.757019e-07 3.845374e-07 2.028917e-06
1.638088e-01 8.553428e-06 2.315816e-06 1.144284e-05 2.610375e-07 2.132320e-07 1.146999e-06
1.681695e-01 2.922914e-06 8.001870e-07 3.929754e-06 8.894245e-08 7.338630e-08 4.022620e-07
1.725690e-01 4.674430e-07 1.293753e-07 6.315626e-07 1.418275e-08 1.181470e-08 6.596553e-08
1.770068e-01 2.511279e-06 7.027397e-07 3.409531e-06 7.600905e-08 6.391114e-08 3.632280e-07
1.814824e-01 2.845113e-06 8.050261e-07 3.881355e-06 8.594491e-08 7.292288e-08 4.215979e-07
1.859951e-01 1.397399e-05 3.912847e-06 1.919839e-05 4.038980e-07 3.376821e-07 2.044569e-06
1.905446e-01 4.091594e-06 1.158847e-06 5.647845e-06 1.181906e-07 9.971009e-08 6.132245e-07
1.951303e-01 9.465419e-07 2.711861e-07 1.312641e-06 2.733871e-08 2.326575e-08 1.452612e-07
1.997517e-01 2.306986e-06 6.684205e-07 3.214054e-06 6.661075e-08 5.714315e-08 3.621880e-07
2.044083e-01 2.121344e-06 6.214085e-07 2.968989e-06 6.121895e-08 5.290383e-08 3.404009e-07
2.090999e-01 7.446316e-06 2.161159e-06 1.049438e-05 2.064168e-07 1.759886e-07 1.181042e-06
2.138258e-01 1.029692e-06 3.021275e-07 1.457772e-06 2.854332e-08 2.450336e-08 1.668107e-07
2.185857e-01 1.429166e-06 4.237771e-07 2.032482e-06 3.959888e-08 3.420187e-08 2.362377e-07
2.233793e-01 1.868561e-06 5.598086e-07 2.669311e-06 5.174365e-08 4.493749e-08 3.149250e-07
2.282061e-01 8.515719e-06 2.529786e-06 1.224887e-05 2.271206e-07 1.947786e-07 1.419650e-06
2.330657e-01 2.683547e-06 8.053885e-07 3.877154e-06 7.155519e-08 6.167498e-08 4.558441e-07
2.379578e-01 6.803665e-08 2.061766e-08 9.873745e-08 1.812312e-09 1.568596e-09 1.176202e-08
2.428820e-01 1.413041e-06 4.323011e-07 2.059748e-06 3.760046e-08 3.266445e-08 2.484772e-07
2.478381e-01 1.012542e-05 3.073846e-06 1.486005e-05 2.601047e-07 2.233176e-07 1.762310e-06
2.528256e-01 3.518707e-06 1.078365e-06 5.186688e-06 9.033020e-08 7.781456e-08 6.226327e-07
2.578443e-01 2.223332e-07 6.877840e-08 3.291504e-07 5.704028e-09 4.928081e-09 3.997921e-08
2.628939e-01 9.925594e-07 3.099019e-07 1.475750e-06 2.544939e-08 2.204276e-08 1.812928e-07
2.679740e-01 1.036777e-06 3.265796e-07 1.548147e-06 2.655122e-08 2.303998e-08 1.921801e-07
2.730844e-01 3.829015e-06 1.197751e-06 5.755955e-06 9.490446e-08 8.146643e-08 7.029960e-07
2.782248e-01 3.595438e-07 1.134761e-07 5.427810e-07 8.905974e-09 7.657865e-09 6.697720e-08
2.833949e-01 8.991080e-07 2.862749e-07 1.363055e-06 2.225645e-08 1.916250e-08 1.698685e-07
2.885944e-01 7.832179e-06 2.477434e-06 1.195263e-05 1.878883e-07 1.601090e-07 1.466159e-06
2.938232e-01 1.808746e-06 5.773516e-07 2.771687e-06 4.340313e-08 3.703412e-08 3.434434e-07
2.990809e-01 7.488534e-07 2.412667e-07 1.152153e-06 1.798633e-08 1.536503e-08 1.442446e-07
3.043673e-01 1.070516e-06 3.480839e-07 1.653627e-06 2.573520e-08 2.200253e-08 2.091013e-07
3.096822e-01 2.645500e-06 8.549906e-07 4.113373e-06 6.173294e-08 5.227020e-08 5.122257e-07
3.150254e-01 1.504454e-06 4.911484e-07 2.348053e-06 3.521351e-08 2.985142e-08 2.956963e-07
3.203965e-01 6.852733e-06 2.224092e-06 1.076529e-05 1.558044e-07 1.308459e-07 1.335374e-06
3.257955e-01 1.437883e-06 4.717884e-07 2.266906e-06 3.285601e-08 2.763317e-08 2.846894e-07
3.312221e-01 1.076562e-05 3.512414e-06 1.708314e-05 2.391174e-07 1.992866e-07 2.113670e-06
3.366760e-01 5.351259e-07 1.766285e-07 8.520142e-07 1.196587e-08 9.988697e-09 1.068265e-07
3.421571e-01 1.789974e-06 5.980320e-07 2.859062e-06 4.034513e-08 3.373128e-08 3.635256e-07
3.476652e-01 9.732175e-07 3.234183e-07 1.564522e-06 2.134363e-08 1.769018e-08 1.960505e-07
3.532001e-01 1.612314e-06 5.421954e-07 2.600128e-06 3.563141e-08 2.956431e-08 3.301981e-07
3.587616e-01 2.912767e-06 9.744673e-07 4.727509e-06 6.267066e-08 5.156245e-08 5.917929e-07
3.643496e-01 1.191655e-06 4.031994e-07 1.940278e-06 2.581356e-08 2.124873e-08 2.458772e-07
3.699637e-01 5.435065e-06 1.829799e-06 8.906087e-06 1.146898e-07 9.363809e-08 1.112697e-06
3.756040e-01 1.442929e-06 4.913422e-07 2.371781e-06 3.066715e-08 2.504511e-08 2.999569e-07
3.812701e-01 6.057241e-06 2.052645e-06 1.001984e-05 1.254763e-07 1.016618e-07 1.249554e-06
3.869619e-01 1.478021e-06 5.066791e-07 2.452255e-06 3.085450e-08 2.500136e-08 3.095997e-07
3.926794e-01 6.115072e-06 2.086514e-06 1.021011e-05 1.244867e-07 1.000953e-07 1.271297e-06
3.984222e-01 1.408763e-06 4.863660e-07 2.358913e-06 2.891907e-08 2.325195e-08 2.974061e-07
4.041902e-01 5.837507e-06 2.006248e-06 9.836333e-06 1.169156e-07 9.330147e-08 1.223267e-06
4.099834e-01 1.280445e-06 4.453827e-07 2.163480e-06 2.587809e-08 2.064776e-08 2.725043e-07
4.158015e-01 5.351644e-06 1.853334e-06 9.099114e-06 1.055755e-07 8.362502e-08 1.130669e-06
4.216444e-01 1.166086e-06 4.085801e-07 1.988027e-06 2.320243e-08 1.836837e-08 2.500429e-07
4.275119e-01 4.915993e-06 1.715184e-06 8.433566e-06 9.552462e-08 7.508838e-08 1.046603e-06
4.334039e-01 1.026312e-06 3.621766e-07 1.765449e-06 2.010474e-08 1.578964e-08 2.216181e-07
4.393203e-01 4.617930e-06 1.622921e-06 7.993197e-06 8.838025e-08 6.893409e-08 9.901670e-07
4.452610e-01 8.190980e-07 2.910513e-07 1.421632e-06 1.579439e-08 1.230429e-08 1.780130e-07
4.512257e-01 4.592075e-06 1.625194e-06 8.019500e-06 8.654538e-08 6.697065e-08 9.910738e-07
4.572143e-01 6.266269e-07 2.241455e-07 1.097313e-06 1.189162e-08 9.188162e-09 1.369828e-07
4.632268e-01 4.690623e-06 1.671341e-06 8.264733e-06 8.703662e-08 6.681215e-08 1.018386e-06
4.692630e-01 4.361668e-07 1.570193e-07 7.706219e-07 8.144337e-09 6.240818e-09 9.585309e-08
4.753228e-01 4.889529e-06 1.753596e-06 8.692061e-06 8.930454e-08 6.799881e-08 1.067300e-06
4.814060e-01 5.579731e-07 2.021557e-07 9.945882e-07 1.025399e-08 7.792587e-09 1.232423e-07
4.875126e-01 4.421704e-06 1.596141e-06 7.930077e-06 7.951152e-08 6.005298e-08 9.701552e-07
4.936423e-01 6.172434e-07 2.250705e-07 1.109932e-06 1.116759e-08 8.417200e-09 1.370024e-07
4.997952e-01 3.864901e-06 1.404281e-06 6.992407e-06 6.844685e-08 5.128001e-08 8.522216e-07
5.059710e-01 6.336821e-07 2.325649e-07 1.149445e-06 1.129140e-08 8.441026e-09 1.413220e-07
5.121696e-01 3.325210e-06 1.216153e-06 6.068423e-06 5.801673e-08 4.311769e-08 7.367766e-07
5.183911e-01 6.304889e-07 2.329108e-07 1.153551e-06 1.106846e-08 8.207247e-09 1.412659e-07
5.246351e-01 2.812084e-06 1.035329e-06 5.176298e-06 4.835440e-08 3.565060e-08 6.260379e-07
5.309017e-01 6.153656e-07 2.287801e-07 1.135603e-06 1.064243e-08 7.827379e-09 1.384674e-07
5.371907e-01 2.395577e-06 8.877126e-07 4.447611e-06 4.059290e-08 2.968998e-08 5.356355e-07
5.435020e-01 7.334120e-07 2.744148e-07 1.365051e-06 1.249831e-08 9.118323e-09 1.657077e-07
5.498355e-01 1.708536e-06 6.372340e-07 3.199195e-06 2.853578e-08 2.070615e-08 3.836143e-07
5.561911e-01 7.705701e-07 2.901705e-07 1.446416e-06 1.294246e-08 9.366865e-09 1.747927e-07
5.625687e-01 1.092984e-06 4.103048e-07 2.063967e-06 1.799724e-08 1.295654e-08 2.463940e-07
5.689682e-01 7.514830e-07 2.848064e-07 1.422502e-06 1.244311e-08 8.934032e-09 1.711142e-07
5.753895e-01 5.952152e-07 2.249011e-07 1.133466e-06 9.664789e-09 6.903570e-09 1.347022e-07
5.818325e-01 6.528968e-07 2.490260e-07 1.246269e-06 1.065872e-08 7.592558e-09 1.492018e-07
5.882971e-01 3.325129e-07 1.264532e-07 6.385129e-07 5.324690e-09 3.773946e-09 7.552641e-08
5.947832e-01 6.702419e-07 2.572761e-07 1.290055e-06 1.079004e-08 7.626008e-09 1.536937e-07
6.012908e-01 1.145226e-07 4.383419e-08 2.217458e-07 1.808929e-09 1.272232e-09 2.610373e-08
6.078196e-01 3.666524e-06 1.399399e-06 7.141761e-06 5.682921e-08 3.977553e-08 8.307316e-07
6.143696e-01 6.019352e-07 2.319221e-07 1.175089e-06 9.383079e-09 6.548960e-09 1.376916e-07
6.209408e-01 1.945830e-06 7.476424e-07 3.821258e-06 2.977115e-08 2.068101e-08 4.424682e-07
6.275330e-01 7.491691e-07 2.905954e-07 1.474412e-06 1.152953e-08 7.986382e-09 1.719810e-07
6.341462e-01 7.485320e-07 2.895650e-07 1.481916e-06 1.130946e-08 7.797910e-09 1.708259e-07
6.407802e-01 6.304025e-06 2.432155e-06 1.255467e-05 9.351771e-08 6.418798e-08 1.430248e-06
6.474350e-01 1.034195e-06 4.031420e-07 2.063399e-06 1.545955e-08 1.058184e-08 2.370934e-07
6.541104e-01 1.686781e-06 6.558150e-07 3.385380e-06 2.476275e-08 1.687455e-08 3.844575e-07
6.608065e-01 1.346704e-06 5.293281e-07 2.707078e-06 1.994608e-08 1.355472e-08 3.103459e-07
6.675231e-01 9.330549e-07 3.658100e-07 1.886676e-06 1.357491e-08 9.185067e-09 2.137840e-07
6.742600e-01 2.669018e-06 1.043772e-06 5.428793e-06 3.814757e-08 2.570090e-08 6.080236e-07
6.810174e-01 1.402389e-06 5.546699e-07 2.856291e-06 2.024158e-08 1.359935e-08 3.231393e-07
6.877949e-01 6.367072e-07 2.512114e-07 1.304456e-06 9.030191e-09 6.041529e-09 1.458756e-07
6.945927e-01 3.572831e-06 1.406224e-06 7.363050e-06 4.979549e-08 3.317718e-08 8.139222e-07
7.014105e-01 1.281746e-06 5.104456e-07 2.644382e-06 1.805831e-08 1.199776e-08 2.954645e-07
7.082484e-01 1.892440e-07 7.518633e-08 3.927298e-07 2.620655e-09 1.734080e-09 4.337830e-08
7.151061e-01 4.396519e-06 1.742625e-06 9.177630e-06 5.984759e-08 3.944254e-08 1.002102e-06
7.219838e-01 1.145990e-06 4.594632e-07 2.394870e-06 1.576217e-08 1.035740e-08 2.641793e-07
7.288811e-01 2.774027e-07 1.109646e-07 5.831176e-07 3.751320e-09 2.455350e-09 6.359159e-08
7.357982e-01 5.245563e-06 2.093524e-06 1.109129e-05 6.974936e-08 4.547607e-08 1.195796e-06
7.427349e-01 9.823053e-07 3.964447e-07 2.079309e-06 1.319191e-08 8.574476e-09 2.263703e-07
7.496911e-01 7.690383e-07 3.096852e-07 1.637420e-06 1.015707e-08 6.576831e-09 1.762439e-07
7.566667e-01 6.116199e-06 2.457528e-06 1.309886e-05 7.945046e-08 5.125192e-08 1.393944e-06
7.636618e-01 7.851789e-07 3.189447e-07 1.683476e-06 1.029735e-08 6.621150e-09 1.808184e-07
7.706761e-01 1.294691e-06 5.247836e-07 2.792156e-06 1.670316e-08 1.070049e-08 2.965197e-07
7.777096e-01 8.825670e-07 3.615611e-07 1.905503e-06 1.149104e-08 7.336347e-09 2.041597e-07
7.847623e-01 5.807184e-07 2.374048e-07 1.261126e-06 7.439316e-09 4.732382e-09 1.336031e-07
7.918341e-01 1.799977e-06 7.343244e-07 3.931799e-06 2.268936e-08 1.438179e-08 4.118608e-07
7.989248e-01 8.696320e-07 3.585033e-07 1.901701e-06 1.106073e-08 6.985771e-09 2.009126e-07
8.060345e-01 3.737142e-07 1.537503e-07 8.220037e-07 4.677924e-09 2.944113e-09 8.587328e-08
8.131630e-01 2.265323e-06 9.301048e-07 5.011787e-06 2.790869e-08 1.750360e-08 5.177244e-07
8.203104e-01 8.252233e-07 3.423185e-07 1.827723e-06 1.025654e-08 6.408323e-09 1.903656e-07
8.274764e-01 1.447922e-07 5.994462e-08 3.225586e-07 1.771520e-09 1.103057e-09 3.322197e-08
8.346610e-01 2.724801e-06 1.125881e-06 6.105535e-06 3.281978e-08 2.036656e-08 6.218438e-07
8.418642e-01 7.590753e-07 3.168292e-07 1.702722e-06 9.222511e-09 5.700180e-09 1.748028e-07
8.490859e-01 9.865177e-08 4.109770e-08 2.225799e-07 1.180162e-09 7.269990e-10 2.259679e-08
8.563260e-01 3.176787e-06 1.320929e-06 7.209288e-06 3.742198e-08 2.297627e-08 7.237878e-07
8.635844e-01 8.574464e-07 3.601568e-07 1.947788e-06 1.019139e-08 6.230534e-09 1.971148e-07
8.708611e-01 1.922556e-08 8.060483e-09 4.392720e-08 2.250496e-10 1.371377e-10 4.396260e-09
8.781560e-01 2.971192e-06 1.243416e-06 6.828204e-06 3.425536e-08 2.080658e-08 6.758189e-07
8.854690e-01 1.257779e-06 5.319721e-07 2.892608e-06 1.464957e-08 8.856582e-09 2.887998e-07
8.928002e-01 9.418497e-07 3.976384e-07 2.178638e-06 1.080615e-08 6.512171e-09 2.151195e-07
9.001492e-01 1.195223e-06 5.037135e-07 2.780813e-06 1.350933e-08 8.115498e-09 2.715533e-07
9.075163e-01 6.386164e-06 2.686634e-06 1.494457e-05 7.111259e-08 4.258608e-08 1.443298e-06
9.149011e-01 1.401974e-06 5.963756e-07 3.282192e-06 1.579267e-08 9.408640e-09 3.200026e-07
9.223038e-01 3.297186e-07 1.400151e-07 7.763991e-07 3.659723e-09 2.173558e-09 7.486465e-08
9.297242e-01 3.153255e-06 1.336742e-06 7.468267e-06 3.448883e-08 2.042052e-08 7.122198e-07
9.371622e-01 1.326127e-06 5.686975e-07 3.141211e-06 1.469171e-08 8.648343e-09 3.026409e-07
9.446178e-01 1.127343e-06 4.826442e-07 2.685867e-06 1.230907e-08 7.223693e-09 2.559352e-07
9.520909e-01 7.827156e-07 3.345451e-07 1.875642e-06 8.423234e-09 4.928316e-09 1.767708e-07
9.595815e-01 5.522597e-06 2.356563e-06 1.331093e-05 5.857982e-08 3.417152e-08 1.240748e-06
9.670895e-01 1.312710e-06 5.668036e-07 3.163620e-06 1.411847e-08 8.181739e-09 2.980508e-07
9.746147e-01 5.885487e-07 2.537162e-07 1.426640e-06 6.240182e-09 3.605421e-09 1.329373e-07
9.821572e-01 2.119897e-06 9.124045e-07 5.168504e-06 2.215891e-08 1.276499e-08 4.763463e-07
9.897169e-01 7.937586e-06 3.410932e-06 1.946518e-05 8.180193e-08 4.698493e-08 1.774358e-06
9.972937e-01 1.116743e-06 4.854732e-07 2.738225e-06 1.166946e-08 6.653572e-09 2.521871e-07
1.004888e+00 1.835816e-07 7.968358e-08 4.527540e-07 1.891609e-09 1.075382e-09 4.124309e-08
1.012498e+00 3.718898e-06 1.611709e-06 9.225008e-06 3.778719e-08 2.141942e-08 8.311697e-07
1.020126e+00 1.127633e-06 4.942659e-07 2.796825e-06 1.161746e-08 6.531626e-09 2.545053e-07
1.027771e+00 7.444565e-07 3.258219e-07 1.857181e-06 7.564383e-09 4.240480e-09 1.671587e-07
1.035432e+00 1.177560e-06 5.146081e-07 2.954725e-06 1.180127e-08 6.596504e-09 2.630471e-07
1.043110e+00 5.564527e-06 2.428168e-06 1.404376e-05 5.500556e-08 3.065787e-08 1.236630e-06
1.050805e+00 1.026468e-06 4.529239e-07 2.590246e-06 1.028948e-08 5.682744e-09 2.302831e-07
1.058516e+00 1.935952e-07 8.529943e-08 4.913711e-07 1.914421e-09 1.054253e-09 4.320946e-08
1.066244e+00 2.386494e-06 1.049997e-06 6.092520e-06 2.328181e-08 1.278441e-08 5.299223e-07
1.073989e+00 9.355688e-07 4.161232e-07 2.388132e-06 9.255728e-09 5.031127e-09 2.096378e-07
1.081749e+00 7.902637e-07 3.510010e-07 2.028966e-06 7.714037e-09 4.181004e-09 1.761728e-07
1.089526e+00 5.377729e-07 2.385226e-07 1.388750e-06 5.179680e-09 2.799334e-09 1.192721e-07
1.097320e+00 3.811654e-06 1.688272e-06 9.900639e-06 3.622689e-08 1.952286e-08 8.410585e-07
1.105129e+00 9.369618e-07 4.194568e-07 2.433397e-06 9.032785e-09 4.812949e-09 2.085655e-07
1.112955e+00 4.630364e-07 2.070104e-07 1.209567e-06 4.405424e-09 2.340582e-09 1.025447e-07
1.120797e+00 1.365800e-06 6.097896e-07 3.588623e-06 1.282482e-08 6.794272e-09 3.009279e-07
1.128655e+00 5.317553e-06 2.370960e-06 1.405338e-05 4.928167e-08 2.603393e-08 1.165638e-06
1.136528e+00 8.292189e-07 3.736280e-07 2.191165e-06 7.797418e-09 4.067363e-09 1.833160e-07
1.144418e+00 4.649951e-10 2.092421e-10 1.235888e-09 4.317166e-12 2.245538e-12 1.022713e-10
1.152323e+00 2.340456e-06 1.051815e-06 6.256971e-06 2.144544e-08 1.112228e-08 5.121441e-07
1.160245e+00 8.284457e-07 3.761759e-07 2.214398e-06 7.704567e-09 3.940046e-09 1.827781e-07
1.168182e+00 6.644408e-07 3.013227e-07 1.786396e-06 6.100751e-09 3.110757e-09 1.458477e-07
1.176134e+00 5.135683e-07 2.326088e-07 1.388839e-06 4.655699e-09 2.367041e-09 1.121564e-07
1.184102e+00 3.336770e-06 1.509420e-06 9.076431e-06 2.986686e-08 1.514096e-08 7.249927e-07
1.192086e+00 8.333087e-07 3.808329e-07 2.266223e-06 7.574578e-09 3.779977e-09 1.825141e-07
1.200085e+00 4.576567e-07 2.088989e-07 1.251905e-06 4.107952e-09 2.043961e-09 9.972742e-08
1.208099e+00 1.036054e-06 4.723349e-07 2.850702e-06 9.183695e-09 4.556063e-09 2.246157e-07
1.216129e+00 4.276192e-06 1.947150e-06 1.183497e-05 3.743324e-08 1.851650e-08 9.223519e-07
1.224174e+00 7.818647e-07 3.596397e-07 2.163387e-06 6.954381e-09 3.380121e-09 1.699657e-07
1.232235e+00 2.015085e-07 9.257963e-08 5.608370e-07 1.770277e-09 8.578517e-10 4.358196e-08
1.240310e+00 1.579535e-06 7.248378e-07 4.421976e-06 1.370609e-08 6.622006e-09 3.398796e-07
1.248401e+00 5.182219e-06 2.375308e-06 1.459316e-05 4.441722e-08 2.139622e-08 1.109411e-06
1.256506e+00 6.786705e-07 3.142016e-07 1.910600e-06 5.913980e-09 2.793572e-09 1.463985e-07
1.264627e+00 1.034932e-07 4.785913e-08 2.930690e-07 8.909187e-10 4.195620e-10 2.221118e-08
1.272762e+00 2.151391e-06 9.937543e-07 6.128126e-06 1.829646e-08 8.590114e-09 4.593667e-07
1.280912e+00 7.034602e-07 3.281569e-07 2.003166e-06 6.085372e-09 2.795788e-09 1.513149e-07
1.289077e+00 5.534178e-07 2.578769e-07 1.585191e-06 4.730159e-09 2.166351e-09 1.184340e-07
1.297257e+00 4.177310e-07 1.944359e-07 1.203592e-06 3.527836e-09 1.610671e-09 8.894051e-08
1.305451e+00 2.704733e-06 1.257557e-06 7.839071e-06 2.257039e-08 1.027264e-08 5.729342e-07
1.313660e+00 6.349173e-07 2.980620e-07 1.839672e-06 5.391188e-09 2.395831e-09 1.354435e-07
1.321884e+00 3.146060e-07 1.475333e-07 9.169571e-07 2.639919e-09 1.169395e-09 6.677067e-08
1.330122e+00 8.915223e-07 4.176300e-07 2.613823e-06 7.393069e-09 3.264380e-09 1.882463e-07
1.338374e+00 3.472072e-06 1.624754e-06 1.023996e-05 2.845536e-08 1.252414e-08 7.293839e-07
1.346641e+00 5.812463e-07 2.745759e-07 1.713807e-06 4.849305e-09 2.078921e-09 1.229313e-07
1.354922e+00 8.958418e-08 4.227490e-08 2.657051e-07 7.387289e-10 3.156401e-10 1.884979e-08
1.363217e+00 1.350290e-06 6.365464e-07 4.028710e-06 1.100596e-08 4.687090e-09 2.826654e-07
1.371526e+00 5.403555e-07 2.570983e-07 1.611841e-06 4.485248e-09 1.855890e-09 1.138511e-07
1.379850e+00 4.890494e-07 2.324522e-07 1.467465e-06 4.012897e-09 1.654721e-09 1.025132e-07
1.388187e+00 1.769385e-07 8.401703e-08 5.340886e-07 1.435283e-09 5.898147e-10 3.689914e-08
1.396539e+00 1.851102e-06 8.780959e-07 5.620834e-06 1.484460e-08 6.079260e-09 3.840506e-07
1.404904e+00 5.144692e-07 2.462549e-07 1.561921e-06 4.202763e-09 1.667821e-09 1.073947e-07
1.413283e+00 3.194285e-07 1.527478e-07 9.755628e-07 2.580010e-09 1.020190e-09 6.633761e-08
1.421676e+00 5.585728e-07 2.668450e-07 1.716117e-06 4.460788e-09 1.757578e-09 1.154053e-07
1.430083e+00 2.513501e-06 1.199608e-06 7.768471e-06 1.984751e-08 7.792211e-09 5.166328e-07
1.438504e+00 4.894162e-07 2.356663e-07 1.512388e-06 3.939240e-09 1.493871e-09 1.011940e-07
1.446938e+00 1.496239e-07 7.197960e-08 4.651335e-07 1.190910e-09 4.499419e-10 3.077739e-08
1.455386e+00 9.356122e-07 4.496725e-07 2.925961e-06 7.364250e-09 2.771960e-09 1.914602e-07
1.463847e+00 3.159217e-06 1.516960e-06 9.939209e-06 2.459108e-08 9.221872e-09 6.431475e-07
1.472321e+00 4.274094e-07 2.070277e-07 1.344481e-06 3.392939e-09 1.224861e-09 8.750657e-08
1.480809e+00 6.215821e-08 3.008054e-08 1.967033e-07 4.880260e-10 1.754974e-10 1.266021e-08
1.489311e+00 1.356943e-06 6.560755e-07 4.319980e-06 1.053731e-08 3.774415e-09 2.749454e-07
1.497825e+00 4.521084e-07 2.204760e-07 1.439148e-06 3.582355e-09 1.230818e-09 9.210822e-08
1.506353e+00 3.526918e-07 1.718411e-07 1.129453e-06 2.764338e-09 9.458686e-10 7.148095e-08
1.514894e+00 2.816426e-07 1.371025e-07 9.073726e-07 2.183606e-09 7.441013e-10 5.678441e-08
1.523448e+00 1.773919e-06 8.627767e-07 5.749626e-06 1.360500e-08 4.617145e-09 3.557924e-07
1.532015e+00 4.537116e-07 2.225593e-07 1.470323e-06 3.553608e-09 1.151564e-09 9.148627e-08
1.540595e+00 2.685602e-07 1.316234e-07 8.755815e-07 2.080970e-09 6.714296e-10 5.386989e-08
1.549188e+00 4.919544e-07 2.409039e-07 1.613639e-06 3.771325e-09 1.211554e-09 9.816440e-08
1.557794e+00 2.149055e-06 1.051469e-06 7.091858e-06 1.629932e-08 5.213594e-09 4.265773e-07
1.566412e+00 4.212773e-07 2.078597e-07 1.389976e-06 3.265175e-09 9.924682e-10 8.405202e-08
1.575044e+00 1.438967e-07 7.093986e-08 4.776665e-07 1.103537e-09 3.338834e-10 2.855929e-08
1.583688e+00 7.450352e-07 3.669914e-07 2.488229e-06 5.653512e-09 1.702683e-09 1.470910e-07
1.592344e+00 2.563933e-06 1.261907e-06 8.615175e-06 1.925141e-08 5.771388e-09 5.035291e-07
1.601013e+00 3.743716e-07 1.857935e-07 1.257730e-06 2.874543e-09 8.144278e-10 7.388722e-08
1.609695e+00 6.497410e-10 3.221965e-10 2.196197e-09 4.938287e-12 1.391976e-12 1.275590e-10
1.618389e+00 1.017267e-06 5.040372e-07 3.459561e-06 7.649335e-09 2.146087e-09 1.986575e-07
1.627096e+00 3.647284e-07 1.821968e-07 1.240202e-06 2.805920e-09 7.397770e-10 7.156391e-08
1.635814e+00 3.065579e-07 1.530177e-07 1.048801e-06 2.334132e-09 6.121655e-10 5.983169e-08
1.644545e+00 1.702925e-07 8.493458e-08 5.861904e-07 1.283291e-09 3.347908e-10 3.306009e-08
1.653289e+00 1.323696e-06 6.596885e-07 4.584571e-06 9.872768e-09 2.562171e-09 2.556125e-07
1.662044e+00 3.725472e-07 1.871649e-07 1.290136e-06 2.844517e-09 6.888774e-10 7.226744e-08
1.670811e+00 2.526941e-07 1.268548e-07 8.804851e-07 1.909791e-09 4.598907e-10 4.875688e-08
1.679591e+00 3.146962e-07 1.578606e-07 1.103306e-06 2.354242e-09 5.637048e-10 6.039589e-08
1.688382e+00 1.585804e-06 7.948845e-07 5.594182e-06 1.174319e-08 2.795881e-09 3.027161e-07
1.697186e+00 2.637301e-07 1.332220e-07 9.303728e-07 1.998944e-09 4.412339e-10 5.055186e-08
1.706001e+00 4.554843e-09 2.299152e-09 1.616811e-08 3.417264e-11 7.505536e-12 8.683958e-10
1.714828e+00 7.566260e-07 3.816428e-07 2.702466e-06 5.620304e-09 1.225363e-09 1.434766e-07
1.723667e+00 2.369103e-07 1.203897e-07 8.463333e-07 1.800681e-09 3.614872e-10 4.509254e-08
1.732517e+00 1.459287e-07 7.410247e-08 5.245628e-07 1.098123e-09 2.189716e-10 2.762569e-08
1.741379e+00 3.034945e-07 1.540039e-07 1.097773e-06 2.261148e-09 4.478460e-10 5.714389e-08
1.750252e+00 1.330332e-06 6.745766e-07 4.842078e-06 9.813129e-09 1.930536e-09 2.491269e-07
1.759138e+00 2.009984e-07 1.026531e-07 7.318320e-07 1.516742e-09 2.723657e-10 3.776663e-08
1.768034e+00 4.453574e-08 2.272923e-08 1.631715e-07 3.327621e-10 5.930917e-11 8.322583e-09
1.776942e+00 7.312368e-07 3.729341e-07 2.695976e-06 5.409950e-09 9.571478e-10 1.359053e-07
1.785861e+00 2.126000e-07 1.091718e-07 7.842367e-07 1.608298e-09 2.573463e-10 3.962989e-08
1.794792e+00 1.074211e-07 5.512401e-08 3.987520e-07 8.047032e-10 1.277070e-10 1.991451e-08
1.803733e+00 3.353028e-07 1.719467e-07 1.252522e-06 2.487324e-09 3.914888e-10 6.182044e-08
1.812686e+00 1.316876e-06 6.748526e-07 4.950328e-06 9.673714e-09 1.510014e-09 2.414623e-07
1.821650e+00 1.858867e-07 9.590847e-08 6.991466e-07 1.396988e-09 1.941999e-10 3.417995e-08
1.830625e+00 6.483167e-08 3.342787e-08 2.453892e-07 4.825214e-10 6.645135e-11 1.185526e-08
1.839611e+00 7.380546e-07 3.802983e-07 2.811324e-06 5.440100e-09 7.422461e-10 1.342169e-07
1.848608e+00 2.023403e-07 1.049618e-07 7.711512e-07 1.526490e-09 1.820080e-10 3.689444e-08
1.857616e+00 9.470120e-08 4.909352e-08 3.632240e-07 7.075984e-10 8.347130e-11 1.717195e-08
1.866634e+00 3.341036e-07 1.730897e-07 1.289639e-06 2.472497e-09 2.885273e-10 6.024559e-08
1.875664e+00 1.271872e-06 6.585006e-07 4.940881e-06 9.322350e-09 1.076144e-09 2.280663e-07
1.884704e+00 1.781921e-07 9.287431e-08 6.926021e-07 1.337576e-09 1.312198e-10 3.203417e-08
1.893754e+00 5.776526e-08 3.008860e-08 2.259667e-07 4.294900e-10 4.160006e-11 1.032657e-08
1.902815e+00 6.884730e-07 3.583866e-07 2.710524e-06 5.070294e-09 4.848205e-10 1.223866e-07
1.911887e+00 2.006322e-07 1.051339e-07 7.903048e-07 1.514059e-09 1.183480e-10 3.575291e-08
1.920969e+00 1.128408e-07 5.909392e-08 4.473600e-07 8.435191e-10 6.490638e-11 1.999514e-08
1.930062e+00 2.677578e-07 1.401378e-07 1.068408e-06 1.982731e-09 1.501366e-10 4.717824e-08
1.939165e+00 1.113923e-06 5.826473e-07 4.473629e-06 8.170896e-09 6.088455e-10 1.951594e-07
1.948278e+00 2.502402e-07 1.317771e-07 1.005377e-06 1.883517e-09 1.066594e-10 4.395252e-08
1.957402e+00 1.121654e-07 5.903161e-08 4.535760e-07 8.363586e-10 4.636501e-11 1.958889e-08
1.966535e+00 3.587008e-07 1.886696e-07 1.459988e-06 2.649647e-09 1.437307e-10 6.228745e-08
1.975679e+00 1.340703e-06 7.047706e-07 5.492652e-06 9.811015e-09 5.206215e-10 2.314789e-07
1.984833e+00 3.423138e-07 1.812199e-07 1.402525e-06 2.576414e-09 8.848708e-11 5.926683e-08
1.993997e+00 2.347936e-07 1.242276e-07 9.683097e-07 1.750770e-09 5.810007e-11 4.041783e-08
2.003171e+00 2.051058e-07 1.084581e-07 8.514415e-07 1.515218e-09 4.852374e-11 3.510403e-08
2.012354e+00 1.153567e-06 6.096493e-07 4.820318e-06 8.442974e-09 2.607031e-10 1.962942e-07
2.021548e+00 3.629693e-07 1.932396e-07 1.516397e-06 2.738536e-09 3.129676e-11 6.195064e-08
2.030751e+00 3.197349e-07 1.701275e-07 1.344617e-06 2.390121e-09 2.462111e-11 5.425498e-08
2.039964e+00 2.484623e-08 1.321309e-08 1.051821e-07 1.840236e-10 1.691015e-12 4.191563e-09
2.049187e+00 8.383093e-07 4.455628e-07 3.572444e-06 6.151787e-09 4.961837e-11 1.405980e-07
2.058419e+00 2.319999e-06 1.232408e-06 9.952592e-06 1.686826e-08 1.173362e-10 3.868247e-07
2.067661e+00 3.546559e-07 1.898355e-07 1.520714e-06 2.664181e-09 3.488665e-11 5.932376e-08
2.076913e+00 1.220088e-07 6.527221e-08 5.266582e-07 9.081504e-10 1.287593e-11 2.028857e-08
2.086174e+00 5.167159e-07 2.762850e-07 2.245405e-06 3.810916e-09 5.814558e-11 8.541691e-08
2.095444e+00 1.745485e-06 9.328051e-07 7.636094e-06 1.275572e-08 2.083076e-10 2.868347e-07
2.104723e+00 3.779431e-06 2.018701e-06 1.664569e-05 2.736704e-08 4.761349e-10 6.173879e-07
2.114012e+00 6.892993e-07 3.712204e-07 3.032543e-06 5.179301e-09 2.014401e-10 1.130305e-07
2.123310e+00 4.779461e-07 2.572638e-07 2.116941e-06 3.558598e-09 1.421014e-10 7.790580e-08
2.132618e+00 1.643145e-07 8.839999e-08 7.327305e-07 1.212308e-09 4.966501e-11 2.662327e-08
2.141934e+00 1.423733e-06 7.655666e-07 6.392100e-06 1.040884e-08 4.371086e-10 2.292983e-07
2.151259e+00 3.516637e-06 1.889997e-06 1.589634e-05 2.547641e-08 1.095907e-09 5.629610e-07
2.160594e+00 8.767410e-07 4.753229e-07 3.956817e-06 6.615218e-09 4.333847e-10 1.409486e-07
2.169937e+00 8.276044e-07 4.484605e-07 3.760651e-06 6.188084e-09 4.115269e-10 1.322442e-07
2.179290e+00 3.895104e-07 2.109627e-07 1.782104e-06 2.886108e-09 1.947722e-10 6.186274e-08
2.188651e+00 6.154578e-07 3.331742e-07 2.835271e-06 4.519099e-09 3.094289e-10 9.715292e-08
2.198021e+00 2.393890e-06 1.295283e-06 1.110429e-05 1.741873e-08 1.209629e-09 3.755785e-07
2.207399e+00 5.181942e-06 2.802475e-06 2.420352e-05 3.736481e-08 2.630973e-09 8.080150e-07
2.216787e+00 9.484446e-07 5.176654e-07 4.420588e-06 7.149807e-09 6.702116e-10 1.485753e-07
2.226183e+00 7.697463e-07 4.199313e-07 3.612655e-06 5.750566e-09 5.444181e-10 1.198389e-07
2.235587e+00 1.275297e-07 6.954031e-08 6.027119e-07 9.441784e-10 9.026567e-11 1.973185e-08
2.245000e+00 1.165923e-06 6.354638e-07 5.548769e-06 8.554410e-09 8.256954e-10 1.792767e-07
2.254421e+00 3.326190e-06 1.812027e-06 1.594083e-05 2.418485e-08 2.356594e-09 5.082636e-07
2.263851e+00 6.597581e-06 3.592528e-06 3.184161e-05 4.753964e-08 4.675708e-09 1.001857e-06
2.273290e+00 9.484608e-07 5.214892e-07 4.565189e-06 7.174766e-09 8.786485e-10 1.447555e-07
2.282736e+00 6.759557e-07 3.714897e-07 3.276546e-06 5.067602e-09 6.250173e-10 1.025173e-07
2.292191e+00 8.901165e-08 4.889664e-08 4.345230e-07 6.613428e-10 8.214984e-11 1.341464e-08
2.301654e+00 1.533194e-06 8.418487e-07 7.537727e-06 1.128930e-08 1.411941e-09 2.296007e-07
2.311125e+00 3.870076e-06 2.124038e-06 1.916239e-05 2.824092e-08 3.556281e-09 5.758770e-07
2.320604e+00 9.373463e-07 5.194372e-07 4.628337e-06 7.188809e-09 1.074834e-09 1.401618e-07
2.330091e+00 9.598762e-07 5.316901e-07 4.773536e-06 7.295925e-09 1.096804e-09 1.426140e-07
2.339586e+00 6.370963e-07 3.527442e-07 3.191097e-06 4.799275e-09 7.253727e-10 9.405004e-08
2.349089e+00 1.895690e-07 1.049143e-07 9.563613e-07 1.415277e-09 2.150500e-10 2.780470e-08
2.358600e+00 1.703515e-06 9.423812e-07 8.656261e-06 1.260430e-08 1.925311e-09 2.482466e-07
2.368119e+00 4.113755e-06 2.274749e-06 2.105536e-05 3.016527e-08 4.631791e-09 5.955965e-07
2.377645e+00 8.874788e-07 4.954293e-07 4.529945e-06 6.842729e-09 1.206061e-09 1.290790e-07
2.387179e+00 8.574207e-07 4.784499e-07 4.408422e-06 6.552054e-09 1.159764e-09 1.238938e-07
2.396721e+00 4.708893e-07 2.626523e-07 2.438781e-06 3.566241e-09 6.339239e-10 6.759609e-08
2.406270e+00 4.279126e-07 2.385823e-07 2.232463e-06 3.211824e-09 5.733049e-10 6.102311e-08
2.415827e+00 2.018588e-06 1.125000e-06 1.060871e-05 1.501568e-08 2.691388e-09 2.859647e-07
2.425392e+00 4.505324e-06 2.509884e-06 2.385270e-05 3.321388e-08 5.977613e-09 6.340231e-07
2.434964e+00 8.936903e-07 5.025804e-07 4.718513e-06 6.932565e-09 1.399281e-09 1.263100e-07
2.444543e+00 8.292371e-07 4.661484e-07 4.410718e-06 6.375221e-09 1.291183e-09 1.164190e-07
2.454129e+00 4.052292e-07 2.277058e-07 2.171474e-06 3.087608e-09 6.274518e-10 5.651050e-08
2.463723e+00 5.301576e-07 2.977879e-07 2.862158e-06 4.003377e-09 8.162835e-10 7.343535e-08
2.473324e+00 2.151580e-06 1.208062e-06 1.170286e-05 1.610179e-08 3.294019e-09 2.960178e-07
2.482932e+00 4.657284e-06 2.613937e-06 2.552259e-05 3.454137e-08 7.089497e-09 6.364162e-07
2.492548e+00 9.164275e-07 5.191744e-07 5.008373e-06 7.156451e-09 1.618852e-09 1.257365e-07
2.502170e+00 8.520981e-07 4.825468e-07 4.692052e-06 6.594615e-09 1.495891e-09 1.161127e-07
2.511799e+00 4.354108e-07 2.464817e-07 2.415788e-06 3.339594e-09 7.596132e-10 5.892563e-08
2.521436e+00 4.803645e-07 2.718271e-07 2.685524e-06 3.651361e-09 8.327913e-10 6.456220e-08
2.531079e+00 2.063855e-06 1.167451e-06 1.162647e-05 1.554698e-08 3.555434e-09 2.754715e-07
2.540729e+00 4.506322e-06 2.548119e-06 2.558077e-05 3.364077e-08 7.713792e-09 5.973062e-07
2.550386e+00 9.004227e-07 5.138496e-07 5.097679e-06 7.079239e-09 1.764128e-09 1.197926e-07
2.560050e+00 8.466100e-07 4.829645e-07 4.830044e-06 6.596410e-09 1.647524e-09 1.118462e-07
2.569720e+00 4.529436e-07 2.582967e-07 2.604150e-06 3.497402e-09 8.754674e-10 5.941874e-08
2.579397e+00 4.219331e-07 2.405261e-07 2.444739e-06 3.228617e-09 8.099889e-10 5.496053e-08
2.589081e+00 1.940401e-06 1.105745e-06 1.133079e-05 1.471390e-08 3.699481e-09 2.509654e-07
2.598771e+00 4.286586e-06 2.441858e-06 2.522745e-05 3.221102e-08 8.116351e-09 5.504720e-07
2.608468e+00 6.665678e-07 3.831008e-07 3.913411e-06 5.269967e-09 1.425209e-09 8.587085e-08
2.618171e+00 5.178102e-07 2.975011e-07 3.064047e-06 4.056899e-09 1.099186e-09 6.622904e-08
2.627880e+00 1.876679e-08 1.077850e-08 1.119288e-07 1.457013e-10 3.955298e-11 2.383035e-09
2.637596e+00 9.690809e-07 5.563894e-07 5.825764e-06 7.455570e-09 2.027417e-09 1.221656e-07
2.647318e+00 2.604566e-06 1.494879e-06 1.578276e-05 1.985604e-08 5.409257e-09 3.259556e-07
2.657047e+00 5.067547e-06 2.907507e-06 3.095381e-05 3.828101e-08 1.044727e-08 6.295651e-07
2.666781e+00 7.485083e-07 4.332313e-07 4.561480e-06 5.949337e-09 1.727008e-09 9.325282e-08
2.676522e+00 5.679335e-07 3.286069e-07 3.488976e-06 4.472990e-09 1.300419e-09 7.023533e-08
2.686269e+00 3.399286e-08 1.966182e-08 2.105204e-07 2.652800e-10 7.723789e-11 4.172762e-09
2.696022e+00 9.886955e-07 5.716842e-07 6.172904e-06 7.645282e-09 2.229359e-09 1.204651e-07
2.705781e+00 2.655173e-06 1.534775e-06 1.671303e-05 2.034347e-08 5.940889e-09 3.210992e-07
2.715545e+00 5.140843e-06 2.970608e-06 3.262475e-05 3.902640e-08 1.141348e-08 6.170392e-07
2.725316e+00 7.651452e-07 4.459374e-07 4.845358e-06 6.109257e-09 1.885566e-09 9.205754e-08
2.735093e+00 5.830756e-07 3.397171e-07 3.722907e-06 4.612730e-09 1.425442e-09 6.962147e-08
2.744875e+00 4.842880e-08 2.820717e-08 3.117826e-07 3.795887e-10 1.174441e-10 5.738639e-09
2.754663e+00 9.714118e-07 5.656179e-07 6.306062e-06 7.543686e-09 2.336873e-09 1.142297e-07
2.764457e+00 2.628145e-06 1.529797e-06 1.720389e-05 2.022028e-08 6.271325e-09 3.066755e-07
2.774256e+00 5.093247e-06 2.963772e-06 3.362103e-05 3.882215e-08 1.205499e-08 5.897420e-07
2.784061e+00 7.671008e-07 4.501348e-07 5.053835e-06 6.147030e-09 2.001087e-09 8.899541e-08
2.793872e+00 5.889454e-07 3.454888e-07 3.912999e-06 4.675498e-09 1.523572e-09 6.779474e-08
2.803688e+00 6.217565e-08 3.646269e-08 4.166179e-07 4.889905e-10 1.595046e-10 7.101168e-09
2.813509e+00 9.434185e-07 5.530990e-07 6.375612e-06 7.350263e-09 2.399881e-09 1.069018e-07
2.823336e+00 2.576625e-06 1.510152e-06 1.756248e-05 1.988633e-08 6.499213e-09 2.896578e-07
2.833168e+00 5.005508e-06 2.932845e-06 3.441259e-05 3.826875e-08 1.251885e-08 5.582357e-07
2.843006e+00 7.408873e-07 4.377847e-07 5.083189e-06 5.961570e-09 2.035085e-09 8.277358e-08
2.852848e+00 5.742609e-07 3.392286e-07 3.974273e-06 4.577202e-09 1.563738e-09 6.364289e-08
2.862696e+00 7.323878e-08 4.325136e-08 5.112957e-07 5.782292e-10 1.976927e-10 8.051267e-09
2.872550e+00 8.877604e-07 5.241198e-07 6.252127e-06 6.942447e-09 2.375475e-09 9.680159e-08
2.882408e+00 2.452353e-06 1.447420e-06 1.742347e-05 1.899514e-08 6.504418e-09 2.652248e-07
2.892271e+00 4.782883e-06 2.822141e-06 3.428308e-05 3.669258e-08 1.257386e-08 5.130340e-07
2.902139e+00 6.756092e-07 4.019414e-07 4.834071e-06 5.450723e-09 1.938893e-09 7.256135e-08
2.912013e+00 4.992633e-07 2.969459e-07 3.604279e-06 3.989354e-09 1.419924e-09 5.317740e-08
2.921891e+00 3.614028e-09 2.148922e-09 2.632516e-08 2.860310e-11 1.018975e-11 3.817256e-10
2.931774e+00 9.550461e-07 5.677211e-07 7.019643e-06 7.484841e-09 2.667227e-09 1.000314e-07
2.941662e+00 2.494642e-06 1.482523e-06 1.850248e-05 1.936137e-08 6.903414e-09 2.590877e-07
2.951554e+00 6.095645e-07 3.651757e-07 4.514154e-06 4.971099e-09 1.831704e-09 6.335891e-08
2.961452e+00 6.357938e-07 3.807886e-07 4.751599e-06 5.134527e-09 1.892778e-09 6.552249e-08
2.971354e+00 4.413754e-07 2.642785e-07 3.329044e-06 3.529616e-09 1.301723e-09 4.509691e-08
2.981260e+00 7.658522e-08 4.584430e-08 5.829961e-07 6.064372e-10 2.237572e-10 7.757581e-09
2.991172e+00 1.037535e-06 6.209125e-07 7.971764e-06 8.134739e-09 3.002694e-09 1.041849e-07
3.001087e+00 2.578149e-06 1.542494e-06 1.999459e-05 2.001399e-08 7.390642e-09 2.566303e-07
3.011008e+00 5.977646e-07 3.604546e-07 4.630223e-06 4.871587e-09 1.851605e-09 5.951827e-08
3.020932e+00 6.053441e-07 3.649332e-07 4.733325e-06 4.884325e-09 1.857018e-09 5.974153e-08
3.030861e+00 3.901295e-07 2.351317e-07 3.079556e-06 3.116411e-09 1.185214e-09 3.816044e-08
3.040795e+00 1.493898e-07 9.001510e-08 1.190527e-06 1.181390e-09 4.494305e-10 1.448212e-08
3.050733e+00 1.130999e-06 6.813166e-07 9.100026e-06 8.854014e-09 3.369246e-09 1.086565e-07
3.060675e+00 2.689444e-06 1.619729e-06 2.184889e-05 2.084144e-08 7.933048e-09 2.560437e-07
3.070621e+00 5.725308e-07 3.474481e-07 4.647221e-06 4.652382e-09 1.816131e-09 5.449030e-08
3.080571e+00 5.507175e-07 3.341302e-07 4.513916e-06 4.429598e-09 1.729472e-09 5.193484e-08
3.090526e+00 2.989186e-07 1.813160e-07 2.474188e-06 2.379725e-09 9.292860e-10 2.792973e-08
3.100485e+00 2.841438e-07 1.723131e-07 2.375192e-06 2.238878e-09 8.744339e-10 2.630329e-08
3.110447e+00 1.315847e-06 7.977798e-07 1.110894e-05 1.026110e-08 4.008272e-09 1.206726e-07
3.120414e+00 2.930372e-06 1.776227e-06 2.498751e-05 2.261444e-08 8.835149e-09 2.662138e-07
3.130384e+00 5.605075e-07 3.422915e-07 4.777037e-06 4.531740e-09 1.810159e-09 5.087646e-08
3.140359e+00 5.048154e-07 3.082109e-07 4.346017e-06 4.038843e-09 1.613376e-09 4.538575e-08
3.150337e+00 2.091772e-07 1.276824e-07 1.819208e-06 1.655985e-09 6.615416e-10 1.862622e-08
3.160319e+00 4.281080e-07 2.612592e-07 3.761479e-06 3.353439e-09 1.339725e-09 3.775357e-08
3.170305e+00 1.524749e-06 9.302915e-07 1.353535e-05 1.181696e-08 4.721154e-09 1.331585e-07
3.180295e+00 3.215192e-06 1.961238e-06 2.883851e-05 2.465246e-08 9.849571e-09 2.780439e-07
3.190288e+00 5.289155e-07 3.249877e-07 4.743627e-06 4.243812e-09 1.728689e-09 4.567236e-08
3.200285e+00 4.259593e-07 2.616701e-07 3.860480e-06 3.380987e-09 1.377160e-09 3.641770e-08
3.210286e+00 6.779523e-08 4.163811e-08 6.209432e-07 5.322973e-10 2.167988e-10 5.738387e-09
3.220290e+00 6.487297e-07 3.983475e-07 6.005194e-06 5.038164e-09 2.051970e-09 5.435871e-08
3.230297e+00 1.842792e-06 1.131310e-06 1.724176e-05 1.415504e-08 5.764753e-09 1.528496e-07
3.240308e+00 4.788087e-07 2.960349e-07 4.481243e-06 3.844158e-09 1.592259e-09 3.963325e-08
3.250323e+00 5.048242e-07 3.120545e-07 4.776152e-06 4.008288e-09 1.660019e-09 4.135769e-08
3.260340e+00 3.460624e-07 2.138723e-07 3.309994e-06 2.717214e-09 1.125164e-09 2.805791e-08
3.270362e+00 8.772800e-08 5.420615e-08 8.483587e-07 6.811363e-10 2.820192e-10 7.038650e-09
3.280386e+00 9.021928e-07 5.573404e-07 8.821526e-06 6.926015e-09 2.867142e-09 7.162523e-08
3.290414e+00 2.219131e-06 1.370615e-06 2.194145e-05 1.684333e-08 6.971458e-09 1.743129e-07
3.300444e+00 4.828801e-07 3.003152e-07 4.778160e-06 3.826350e-09 1.607182e-09 3.782738e-08
3.310478e+00 4.620489e-07 2.873026e-07 4.623962e-06 3.619428e-09 1.519927e-09 3.580661e-08
3.320515e+00 2.352072e-07 1.462232e-07 2.380778e-06 1.821279e-09 7.646417e-10 1.803004e-08
3.330556e+00 2.911387e-07 1.809590e-07 2.980903e-06 2.228266e-09 9.352992e-10 2.207387e-08
3.340599e+00 1.226082e-06 7.619293e-07 1.269947e-05 9.274554e-09 3.891973e-09 9.193727e-08
3.350645e+00 2.695119e-06 1.674514e-06 2.824238e-05 2.014761e-08 8.452637e-09 1.998500e-07
3.360694e+00 4.788851e-07 2.995542e-07 5.024950e-06 3.732627e-09 1.585978e-09 3.538854e-08
3.370746e+00 3.999569e-07 2.501353e-07 4.246649e-06 3.080379e-09 1.308436e-09 2.922255e-08
3.380801e+00 8.916763e-08 5.575544e-08 9.581087e-07 6.785281e-10 2.881168e-10 6.440859e-09
3.390858e+00 5.512604e-07 3.446319e-07 5.994887e-06 4.144307e-09 1.759265e-09 3.936246e-08
3.400919e+00 1.635042e-06 1.021991e-06 1.799753e-05 1.214277e-08 5.152936e-09 1.153983e-07
3.410982e+00 3.292697e-06 2.057734e-06 3.668932e-05 2.415432e-08 1.024679e-08 2.296798e-07
3.421048e+00 4.659754e-07 2.931400e-07 5.202075e-06 3.559886e-09 1.526781e-09 3.236765e-08
3.431116e+00 3.189064e-07 2.005843e-07 3.604679e-06 2.406111e-09 1.031547e-09 2.188877e-08
3.441187e+00 8.965526e-08 5.638086e-08 1.026161e-06 6.679837e-10 2.862713e-10 6.079905e-09
3.451261e+00 8.626248e-07 5.423760e-07 9.998761e-06 6.346071e-09 2.718566e-09 5.779059e-08
3.461337e+00 2.119333e-06 1.332297e-06 2.488036e-05 1.539327e-08 6.591611e-09 1.402489e-07
3.471416e+00 4.596147e-07 2.908105e-07 5.408985e-06 3.472470e-09 1.500973e-09 3.026634e-08
3.481497e+00 4.344177e-07 2.748203e-07 5.179150e-06 3.239778e-09 1.399759e-09 2.825126e-08
3.491581e+00 2.065768e-07 1.306617e-07 2.495248e-06 1.520562e-09 6.566603e-10 1.326549e-08
3.501667e+00 3.169234e-07 2.004228e-07 3.879012e-06 2.302207e-09 9.937796e-10 2.009344e-08
3.511755e+00 1.245194e-06 7.873289e-07 1.544518e-05 8.925709e-09 3.851081e-09 7.793627e-08
3.521845e+00 2.704414e-06 1.709697e-06 3.399961e-05 1.912685e-08 8.248548e-09 1.670792e-07
3.531938e+00 4.421836e-07 2.813178e-07 5.577004e-06 3.247977e-09 1.411801e-09 2.715903e-08
3.542033e+00 3.397595e-07 2.161200e-07 4.344354e-06 2.461760e-09 1.069499e-09 2.059276e-08
3.552130e+00 1.587998e-09 1.009956e-09 2.058823e-08 1.135277e-11 4.936112e-12 9.496787e-11
3.562229e+00 6.819936e-07 4.336731e-07 8.966543e-06 4.806351e-09 2.085917e-09 4.023501e-08
3.572331e+00 1.818468e-06 1.156160e-06 2.424874e-05 1.263670e-08 5.481282e-09 1.058220e-07
3.582434e+00 4.462722e-07 2.855059e-07 5.974043e-06 3.217108e-09 1.404752e-09 2.579711e-08
3.592540e+00 4.500229e-07 2.878603e-07 6.111768e-06 3.197993e-09 1.395599e-09 2.565207e-08
3.602647e+00 2.670256e-07 1.707782e-07 3.679733e-06 1.870292e-09 8.157131e-10 1.500684e-08
3.612756e+00 1.942482e-07 1.242136e-07 2.716569e-06 1.340806e-09 5.844528e-10 1.076149e-08
3.622867e+00 1.042066e-06 6.662553e-07 1.479211e-05 7.087367e-09 3.087493e-09 5.690080e-08
3.632981e+00 2.402579e-06 1.535878e-06 3.462237e-05 1.609834e-08 7.008767e-09 1.292812e-07
3.643095e+00 4.780064e-07 3.074489e-07 6.921408e-06 3.317893e-09 1.452421e-09 2.552221e-08
3.653212e+00 4.262326e-07 2.741077e-07 6.267550e-06 2.913746e-09 1.274688e-09 2.241890e-08
3.663330e+00 1.523982e-07 9.799190e-08 2.276146e-06 1.025856e-09 4.484889e-10 7.894985e-09
3.673450e+00 4.433794e-07 2.850506e-07 6.727380e-06 2.938371e-09 1.283825e-09 2.261881e-08
3.683572e+00 1.478858e-06 9.506255e-07 2.279975e-05 9.647246e-09 4.212269e-09 7.427787e-08
3.693696e+00 3.472056e-07 2.244986e-07 5.384967e-06 2.339784e-09 1.025994e-09 1.728249e-08
3.703821e+00 3.318156e-07 2.145171e-07 5.231126e-06 2.200245e-09 9.641410e-10 1.625481e-08
3.713947e+00 1.260363e-07 8.147034e-08 2.020164e-06 8.221799e-10 3.600231e-10 6.075126e-09
3.724075e+00 3.649462e-07 2.358695e-07 5.948473e-06 2.341603e-09 1.024668e-09 1.730490e-08
3.734205e+00 1.254100e-06 8.104278e-07 2.079172e-05 7.912861e-09 3.460155e-09 5.848661e-08
3.744335e+00 2.858121e-07 1.857323e-07 4.773291e-06 1.857251e-09 8.147823e-10 1.319127e-08
3.754468e+00 2.599432e-07 1.688988e-07 4.417675e-06 1.660343e-09 7.278594e-10 1.179418e-08
3.764602e+00 5.354034e-08 3.478329e-08 9.261460e-07 3.360678e-10 1.472075e-10 2.387522e-09
3.774737e+00 4.267741e-07 2.772230e-07 7.516025e-06 2.631908e-09 1.152076e-09 1.869968e-08
3.784873e+00 1.293180e-06 8.399089e-07 2.319277e-05 7.833345e-09 3.426321e-09 5.566099e-08
3.795010e+00 2.779764e-07 1.814996e-07 5.030046e-06 1.728170e-09 7.576647e-10 1.182190e-08
3.805149e+00 2.345876e-07 1.531499e-07 4.325176e-06 1.431778e-09 6.272283e-10 9.795017e-09
3.815289e+00 4.562864e-09 2.978475e-09 8.574182e-08 2.732651e-11 1.195640e-11 1.869945e-10
3.825430e+00 5.081344e-07 3.316489e-07 9.734682e-06 2.986578e-09 1.306298e-09 2.043355e-08
3.835573e+00 1.419485e-06 9.263509e-07 2.773272e-05 8.183628e-09 3.576566e-09 5.599267e-08
3.845716e+00 2.019657e-07 1.324430e-07 3.989456e-06 1.189285e-09 5.205399e-10 7.856135e-09
3.855860e+00 7.928069e-08 5.198343e-08 1.598075e-06 4.576444e-10 2.001359e-10 3.023116e-09
3.866006e+00 2.675317e-07 1.753958e-07 5.504865e-06 1.513372e-09 6.613116e-10 9.997006e-09
3.876152e+00 9.447915e-07 6.193368e-07 1.985189e-05 5.235602e-09 2.285912e-09 3.458478e-08
3.886299e+00 1.912409e-07 1.259419e-07 4.069632e-06 1.078914e-09 4.714740e-10 6.891824e-09
3.896448e+00 1.256520e-07 8.273835e-08 2.732488e-06 6.939361e-10 3.029764e-10 4.432539e-09
3.906597e+00 1.268833e-07 8.353928e-08 2.820851e-06 6.857106e-10 2.991515e-10 4.379701e-09
3.916747e+00 6.667200e-07 4.389133e-07 1.515950e-05 3.524363e-09 1.536161e-09 2.250930e-08
3.926897e+00 1.997612e-07 1.320918e-07 4.608190e-06 1.072038e-09 4.674408e-10 6.627511e-09
3.937049e+00 1.863383e-07 1.232019e-07 4.400114e-06 9.773157e-10 4.257555e-10 6.041413e-09
3.947201e+00 1.532259e-08 1.012974e-08 3.705437e-07 7.850232e-11 3.415381e-11 4.852464e-10
3.957354e+00 4.096205e-07 2.707688e-07 1.014954e-05 2.049174e-09 8.911308e-10 1.266465e-08
3.967507e+00 1.382167e-07 9.174057e-08 3.482984e-06 6.987682e-10 3.038425e-10 4.189809e-09
3.977661e+00 1.197684e-07 7.948683e-08 3.095568e-06 5.906048e-10 2.565730e-10 3.540814e-09
3.987816e+00 5.327330e-08 3.535210e-08 1.413054e-06 2.561083e-10 1.111640e-10 1.535166e-09
3.997971e+00 4.797798e-07 3.183468e-07 1.306762e-05 2.247187e-09 9.744379e-10 1.346839e-08
4.008127e+00 1.282178e-07 8.541041e-08 3.560642e-06 6.046335e-10 2.620682e-10 3.520084e-09
4.018284e+00 8.486761e-08 5.652734e-08 2.423112e-06 3.894388e-10 1.686263e-10 2.266866e-09
4.028440e+00 1.261139e-07 8.399124e-08 3.704612e-06 5.627641e-10 2.434785e-10 3.275123e-09
4.038598e+00 6.108860e-07 4.068046e-07 1.847569e-05 2.648953e-09 1.144892e-09 1.541322e-08
4.048755e+00 1.273157e-07 8.510064e-08 3.937977e-06 5.534850e-10 2.390227e-10 3.132088e-09
4.058913e+00 4.983228e-08 3.330564e-08 1.589421e-06 2.101914e-10 9.067494e-11 1.189192e-09
4.069072e+00 2.239037e-07 1.496320e-07 7.370485e-06 9.155586e-10 3.946352e-10 5.178702e-09
4.079230e+00 9.546060e-08 6.401397e-08 3.223661e-06 3.893352e-10 1.676423e-10 2.146507e-09
4.089389e+00 7.463591e-08 5.004443e-08 2.606068e-06 2.945517e-10 1.267000e-10 1.623546e-09
4.099548e+00 9.779137e-08 6.556406e-08 3.534240e-06 3.730796e-10 1.603328e-10 2.055810e-09
4.109707e+00 5.334191e-07 3.575953e-07 1.997537e-05 1.965040e-09 8.435906e-10 1.082530e-08
4.119867e+00 5.575326e-08 3.749634e-08 2.151660e-06 2.036301e-10 8.730819e-11 1.095069e-09
4.130026e+00 8.567081e-08 5.761163e-08 3.434119e-06 3.014310e-10 1.291228e-10 1.620475e-09
4.140186e+00 4.684972e-07 3.150239e-07 1.953223e-05 1.585771e-09 6.785536e-10 8.522584e-09
4.150346e+00 5.092597e-08 3.434627e-08 2.197702e-06 1.699194e-10 7.259783e-11 8.927701e-10
4.160506e+00 8.780376e-08 5.921246e-08 3.952875e-06 2.809980e-10 1.199694e-10 1.475921e-09
4.170666e+00 4.949626e-08 3.346965e-08 2.315260e-06 1.552697e-10 6.616821e-11 7.989012e-10
4.180825e+00 1.695805e-08 1.146610e-08 8.304424e-07 5.084163e-11 2.163197e-11 2.615199e-10
4.190985e+00 1.693241e-07 1.144775e-07 8.698321e-06 4.842565e-10 2.059897e-10 2.489851e-09
4.201145e+00 2.583693e-08 1.751081e-08 1.388140e-06 7.183103e-11 3.049705e-11 3.625017e-10
4.210909e+00 6.976207e-08 4.727681e-08 3.941864e-06 1.845343e-10 7.829508e-11 9.308900e-10
4.220234e+00 3.175861e-08 2.157173e-08 1.878094e-06 8.151674e-11 3.452649e-11 4.041020e-10
4.229137e+00 4.526452e-10 3.074516e-10 2.815013e-08 1.099770e-12 4.556896e-13 5.478457e-12
4.237636e+00 1.338215e-07 9.088370e-08 8.754816e-06 3.108474e-10 1.314518e-10 1.539814e-09
4.245747e+00 9.412011e-09 6.405026e-09 6.448554e-07 2.115498e-11 8.924100e-12 1.032262e-10
4.253486e+00 5.606896e-08 3.815334e-08 4.040874e-06 1.199085e-10 5.059361e-11 5.846723e-10
4.260868e+00 1.692252e-08 1.153655e-08 1.277796e-06 3.496654e-11 1.472328e-11 1.681456e-10
4.267909e+00 6.122872e-09 4.173850e-09 4.863629e-07 1.203415e-11 5.080353e-12 5.784370e-11
4.274624e+00 8.714008e-08 5.939912e-08 7.281618e-06 1.628628e-10 6.853702e-11 7.826408e-10
4.281025e+00 9.699577e-09 6.623059e-09 8.494984e-07 1.749072e-11 7.339937e-12 8.298031e-11
4.287128e+00 2.158064e-08 1.473485e-08 1.988468e-06 3.702346e-11 1.555035e-11 1.755178e-10
4.292944e+00 1.268706e-08 8.675996e-09 1.225676e-06 2.096049e-11 8.787040e-12 9.826459e-11
4.298487e+00 8.865296e-09 6.062269e-09 9.010760e-07 1.392345e-11 5.831659e-12 6.527037e-11
4.303768e+00 1.958456e-08 1.339154e-08 2.094440e-06 2.926986e-11 1.226861e-11 1.370721e-10
4.308800e+00 8.651083e-09 5.924157e-09 9.702729e-07 1.243849e-11 5.199710e-12 5.764413e-11
4.313592e+00 4.184490e-09 2.865437e-09 4.937838e-07 5.721425e-12 2.386769e-12 2.650001e-11
4.318157e+00 1.869041e-08 1.279777e-08 2.320865e-06 2.429482e-11 1.016394e-11 1.125258e-10
4.322504e+00 6.004628e-09 4.116999e-09 7.822419e-07 7.504495e-12 3.128072e-12 3.440597e-11
4.326643e+00 1.803501e-09 1.236589e-09 2.471867e-07 2.139615e-12 8.872892e-13 9.818777e-12
4.330584e+00 1.545373e-08 1.059463e-08 2.229258e-06 1.746222e-11 7.291710e-12 8.000017e-11
4.334336e+00 5.555013e-09 3.813111e-09 8.408896e-07 6.017742e-12 2.501860e-12 2.736247e-11
4.337908e+00 3.896980e-09 2.674996e-09 6.207155e-07 4.009456e-12 1.663132e-12 1.824086e-11
4.341307e+00 5.899415e-09 4.048930e-09 9.890793e-07 5.788507e-12 2.421819e-12 2.625673e-11
4.344542e+00 2.822058e-08 1.936889e-08 4.978514e-06 2.629310e-11 1.096232e-11 1.193447e-10
4.347621e+00 2.559424e-09 1.758737e-09 4.738893e-07 2.283190e-12 9.371643e-13 1.029163e-11
4.350551e+00 2.952537e-09 2.028274e-09 5.756421e-07 2.504035e-12 1.056759e-12 1.129495e-11
4.353338e+00 1.619946e-08 1.112932e-08 3.322950e-06 1.306290e-11 5.450140e-12 5.886423e-11
4.355990e+00 2.994258e-09 2.059396e-09 6.447796e-07 2.315907e-12 9.493928e-13 1.034536e-11
4.358513e+00 1.011187e-09 6.956726e-10 2.290074e-07 7.427160e-13 2.974083e-13 3.317312e-12
4.360913e+00 5.223747e-09 3.591841e-09 1.246470e-06 3.650992e-12 1.524002e-12 1.630779e-11
4.363196e+00 1.876751e-09 1.292038e-09 4.700166e-07 1.250494e-12 5.095686e-13 5.568422e-12
4.365368e+00 1.678848e-09 1.155871e-09 4.424143e-07 1.060577e-12 4.292720e-13 4.734437e-12
4.367433e+00 6.018396e-10 4.136989e-10 1.674925e-07 3.715499e-13 1.663127e-13 1.614240e-12
4.369397e+00 6.016241e-09 4.139859e-09 1.758046e-06 3.461787e-12 1.450948e-12 1.532399e-11
4.371265e+00 1.326523e-09 9.141633e-10 4.066137e-07 7.218285e-13 2.860489e-13 3.210458e-12
4.373042e+00 8.346866e-10 5.754457e-10 2.690322e-07 4.330532e-13 1.660240e-13 1.915589e-12
4.374731e+00 1.154743e-09 7.946635e-10 3.932724e-07 5.688693e-13 2.495340e-13 2.533931e-12
4.376337e+00 5.282950e-09 3.637721e-09 1.891148e-06 2.476303e-12 1.039989e-12 1.099051e-11
4.377864e+00 8.097615e-10 5.588298e-10 3.035739e-07 3.632803e-13 1.373675e-13 1.589668e-12
4.379316e+00 3.347429e-10 2.316020e-10 1.313268e-07 1.387064e-13 4.493266e-14 6.171842e-13
4.380696e+00 1.107077e-09 7.618173e-10 4.626723e-07 4.590506e-13 2.017105e-13 1.985936e-12
4.382008e+00 3.888062e-09 2.678032e-09 1.706641e-06 1.515852e-12 6.381392e-13 6.600253e-12
4.383256e+00 5.215593e-10 3.608019e-10 2.386405e-07 1.878297e-13 6.473221e-14 8.313882e-13
4.384442e+00 1.882977e-10 1.310573e-10 8.943556e-08 6.398578e-14 1.309014e-14 2.817746e-13
4.385569e+00 7.343602e-10 5.050634e-10 3.770575e-07 2.425261e-13 1.141605e-13 1.071451e-12
4.386641e+00 2.459132e-09 1.694278e-09 1.323790e-06 7.700962e-13 3.344423e-13 3.398532e-12
4.387660e+00 5.329700e-10 3.695611e-10 2.976856e-07 1.570737e-13 5.252318e-14 6.937568e-13
4.388628e+00 4.849608e-10 3.368581e-10 2.839741e-07 1.331306e-13 4.270447e-14 5.969232e-13
4.389548e+00 1.418920e-10 1.007318e-10 8.307294e-08 2.951572e-14 9.085110e-16 1.570406e-13
4.390423e+00 6.107654e-10 4.177985e-10 4.098736e-07 1.715212e-13 8.084946e-14 7.028981e-13
4.391254e+00 1.891005e-09 1.300135e-09 1.321003e-06 4.829831e-13 2.080088e-13 2.043692e-12
4.392044e+00 2.579496e-10 1.819357e-10 1.788846e-07 5.325192e-14 9.809144e-15 2.463198e-13
4.392795e+00 1.555926e-10 1.115938e-10 1.089900e-07 3.034118e-14 5.449061e-16 1.330310e-13
4.393509e+00 1.413979e-10 9.314771e-11 1.257751e-07 3.054755e-14 2.760635e-14 1.477294e-13
4.394187e+00 6.946645e-10 4.748121e-10 6.032645e-07 1.358126e-13 7.300592e-14 6.245346e-13
4.394832e+00 1.572825e-10 1.136346e-10 1.260813e-07 2.641946e-14 1.271155e-15 1.155687e-13
4.395444e+00 1.498767e-10 1.088459e-10 1.247518e-07 2.208500e-14 1.089486e-15 1.048017e-13
4.396027e+00 6.117224e-11 4.796351e-11 4.228335e-08 2.270419e-15 6.899622e-15 3.568221e-14
4.396580e+00 1.399082e-10 9.054563e-11 1.662381e-07 3.508827e-14 1.906355e-14 1.059330e-13
4.397105e+00 4.844733e-10 3.280444e-10 5.545469e-07 9.164226e-14 3.921412e-14 3.298509e-13
4.397605e+00 1.146776e-10 8.670832e-11 1.043966e-07 7.843253e-15 3.993805e-15 6.381818e-14
4.398080e+00 1.138928e-10 8.706504e-11 1.054051e-07 7.224045e-15 4.719699e-15 5.850275e-14
4.398531e+00 7.185528e-11 5.909540e-11 5.279283e-08 1.857611e-15 8.712846e-15 2.799300e-14
4.398959e+00 2.628505e-11 7.449256e-12 8.191938e-08 9.081650e-15 1.579127e-14 3.121352e-14
4.399367e+00 1.956048e-10 1.229634e-10 3.326776e-07 2.765774e-14 2.559157e-14 1.227595e-13
4.399754e+00 8.671513e-11 7.230563e-11 6.953164e-08 2.476812e-15 1.052657e-14 2.365695e-14
4.400121e+00 9.067503e-11 7.599524e-11 7.456387e-08 1.238406e-15 1.107059e-14 2.155800e-14
4.400471e+00 7.440390e-11 6.572721e-11 4.642007e-08 1.857608e-15 1.252198e-14 1.007942e-14
4.400803e+00 3.061331e-11 3.642987e-11 3.263376e-08 8.875237e-15 1.506210e-14 1.203970e-14
4.401118e+00 4.804740e-11 1.699960e-11 1.836827e-07 1.754407e-14 1.869086e-14 4.606028e-14
4.401418e+00 1.687201e-10 9.945434e-11 4.314397e-07 3.054732e-14 2.377107e-14 9.268332e-14
4.401703e+00 9.519326e-11 8.598077e-11 6.048949e-08 4.540817e-15 1.088716e-14 6.860439e-15
4.401973e+00 9.824098e-11 9.011931e-11 5.614064e-08 4.953617e-15 9.979594e-15 5.740521e-15
4.402230e+00 9.103134e-11 8.752753e-11 2.553717e-08 6.192021e-15 8.709211e-15 1.680195e-15
4.402475e+00 6.946418e-11 7.512289e-11 4.320663e-08 8.462428e-15 7.983224e-15 6.580924e-15
4.402707e+00 3.083515e-11 5.122256e-11 1.640565e-07 1.176484e-14 7.801583e-15 1.834300e-14
4.402927e+00 2.790831e-11 1.378495e-11 3.532444e-07 1.589285e-14 7.438534e-15 3.486645e-14
4.403137e+00 1.298636e-10 1.250394e-10 4.312762e-08 3.508811e-15 7.075511e-15 1.540317e-15
4.403336e+00 1.381406e-10 1.339692e-10 3.927367e-08 2.476807e-15 7.256772e-15 2.800632e-16
4.403525e+00 1.416825e-10 1.398420e-10 1.832172e-08 1.651205e-15 8.163694e-15 2.520616e-15
4.403705e+00 1.389332e-10 1.415407e-10 2.696031e-08 1.444804e-15 9.614823e-15 6.721761e-15
4.403875e+00 1.288297e-10 1.384396e-10 1.050248e-07 1.651205e-15 1.106590e-14 1.246348e-14
4.404038e+00 1.101428e-10 1.297423e-10 2.256558e-07 1.238403e-15 1.251694e-14 2.030599e-14
4.404192e+00 1.840462e-10 1.821728e-10 2.292071e-08 1.651204e-15 1.088411e-14 4.201303e-16
4.404338e+00 1.932100e-10 1.917510e-10 1.882797e-08 1.651204e-15 1.179092e-14 2.800909e-16
4.404477e+00 1.998995e-10 1.996085e-10 4.111221e-09 2.064005e-15 1.342330e-14 1.120379e-15
4.404609e+00 2.028864e-10 2.047019e-10 2.549081e-08 3.302408e-15 1.414868e-14 1.400492e-15
4.404735e+00 2.029681e-10 2.080122e-10 7.493677e-08 4.128010e-15 1.559960e-14 1.820662e-15
4.404854e+00 1.979612e-10 2.075374e-10 1.499573e-07 5.985615e-15 1.741328e-14 1.960736e-15
4.404968e+00 2.939411e-10 2.926988e-10 2.079075e-08 2.683207e-15 1.324118e-14 2.240867e-15
4.405075e+00 3.270817e-10 3.258526e-10 2.167400e-08 3.096007e-15 1.305963e-14 2.240891e-15
4.405178e+00 3.632467e-10 3.623081e-10 1.752223e-08 2.683206e-15 1.233395e-14 1.680685e-15
4.405275e+00 4.039720e-10 4.036745e-10 6.138219e-09 2.683206e-15 1.215244e-14 8.403505e-16
4.405367e+00 4.475532e-10 4.483191e-10 1.504862e-08 3.096007e-15 1.215231e-14 7.002985e-16
4.405455e+00 4.951700e-10 4.974927e-10 4.900350e-08 2.889607e-15 1.070119e-14 9.804264e-16
4.405538e+00 5.475740e-10 5.520170e-10 9.913137e-08 3.096007e-15 1.015696e-14 2.381055e-15
4.405617e+00 5.999125e-10 5.992892e-10 1.535665e-08 2.889607e-15 1.305883e-14 8.403790e-16
4.405692e+00 6.578468e-10 6.571957e-10 1.689364e-08 2.889607e-15 1.342147e-14 1.260578e-15
4.405764e+00 7.198682e-10 7.192976e-10 1.570465e-08 3.096007e-15 1.432821e-14 2.241043e-15
4.405832e+00 7.861421e-10 7.857881e-10 1.060677e-08 3.302408e-15 1.505357e-14 2.801323e-15
4.405896e+00 8.555799e-10 8.556040e-10 2.225364e-10 3.508808e-15 1.577893e-14 3.641743e-15
4.405958e+00 9.290282e-10 9.296191e-10 1.703166e-08 3.302407e-15 1.650428e-14 4.342104e-15
4.406016e+00 1.007089e-09 1.008460e-09 4.297055e-08 3.096007e-15 1.704827e-14 5.462678e-15
4.406071e+00 1.089514e-09 1.091904e-09 7.966461e-08 3.302407e-15 1.759225e-14 6.723333e-15
4.406124e+00 1.257466e-09 1.257147e-09 1.273222e-08 3.715208e-15 1.523444e-14 2.101052e-15
4.406174e+00 1.380737e-09 1.380404e-09 1.394042e-08 3.715208e-15 1.505299e-14 1.260638e-15
4.406221e+00 1.514720e-09 1.514416e-09 1.359197e-08 4.334410e-15 1.487155e-14 2.801430e-16
4.406266e+00 1.658729e-09 1.658505e-09 1.105162e-08 4.334410e-15 1.432740e-14 8.404328e-16
4.406309e+00 1.814722e-09 1.814637e-09 5.591510e-09 4.540810e-15 1.360189e-14 1.540800e-15
4.406349e+00 1.982256e-09 1.982379e-09 3.628564e-09 5.160012e-15 1.305776e-14 2.661393e-15
4.406388e+00 2.161306e-09 2.161713e-09 1.756635e-08 5.160012e-15 1.251363e-14 3.501846e-15
4.406425e+00 2.353560e-09 2.354338e-09 3.730691e-08 5.160011e-15 1.160680e-14 5.322825e-15
4.406460e+00 2.560372e-09 2.561613e-09 6.408066e-08 5.572812e-15 1.106269e-14 5.743067e-15
4.406493e+00 2.853607e-09 2.853442e-09 1.220517e-08 3.715208e-15 9.430452e-15 9.805269e-16
4.406524e+00 3.112614e-09 3.112447e-09 1.308102e-08 4.334410e-15 8.886356e-15 5.603028e-16
4.406554e+00 3.390694e-09 3.390539e-09 1.310568e-08 3.715208e-15 8.523619e-15 7.003806e-16
4.406583e+00 3.688831e-09 3.688706e-09 1.196440e-08 3.302407e-15 8.160885e-15 4.202295e-16
4.406609e+00 4.010159e-09 4.010083e-09 9.300098e-09 3.096007e-15 7.254098e-15 9.805382e-16
4.406635e+00 4.350748e-09 4.350743e-09 4.690162e-09 2.683206e-15 6.528670e-15 1.680927e-15
4.406659e+00 4.714680e-09 4.714772e-09 2.328753e-09 2.889606e-15 5.440543e-15 2.661474e-15
4.406683e+00 5.103007e-09 5.103222e-09 1.228888e-08 2.064005e-15 4.715125e-15 3.642025e-15
4.406705e+00 5.512349e-09 5.512716e-09 2.580095e-08 1.857604e-15 3.989711e-15 4.202346e-15
4.406725e+00 6.240883e-09 6.240775e-09 1.596705e-08 2.889606e-15 8.886155e-15 4.202355e-16
4.406745e+00 6.801457e-09 6.801344e-09 1.745943e-08 2.270405e-15 9.974233e-15 5.603151e-16
4.406764e+00 7.406879e-09 7.406766e-09 1.869404e-08 2.270405e-15 1.088096e-14 7.003951e-16
4.406782e+00 8.056716e-09 8.056606e-09 1.954135e-08 1.857604e-15 1.124363e-14 1.540872e-15
4.406799e+00 8.752691e-09 8.752591e-09 1.985741e-08 2.476805e-15 1.269440e-14 2.381352e-15
4.406815e+00 9.494506e-09 9.494420e-09 1.947351e-08 1.857604e-15 1.305707e-14 3.081754e-15
4.406831e+00 1.029593e-08 1.029586e-08 1.822621e-08 1.651204e-15 1.414514e-14 3.642079e-15
4.406845e+00 1.113977e-08 1.113974e-08 1.586481e-08 1.857604e-15 1.559590e-14 4.342485e-15
4.406859e+00 1.204368e-08 1.204368e-08 1.218019e-08 2.476805e-15 1.668396e-14 5.182973e-15
4.406872e+00 1.300943e-08 1.300947e-08 6.900283e-09 1.857604e-15 1.795336e-14 5.603221e-15
4.406885e+00 1.480494e-08 1.480483e-08 3.104776e-08 3.715208e-15 1.196889e-14 1.540888e-15
4.406896e+00 1.614373e-08 1.614362e-08 3.392716e-08 4.953611e-15 1.069945e-14 1.120647e-15
4.406908e+00 1.758640e-08 1.758629e-08 3.691367e-08 4.953611e-15 9.248665e-15 0.000000e+00
4.406918e+00 1.913089e-08 1.913077e-08 3.996433e-08 5.160011e-15 8.160577e-15 1.260730e-15
4.406929e+00 2.078599e-08 2.078586e-08 4.305240e-08 5.985613e-15 7.072492e-15 1.260732e-15
4.406938e+00 2.255803e-08 2.255790e-08 4.613997e-08 6.192014e-15 6.528447e-15 2.801629e-15
4.406948e+00 2.445239e-08 2.445226e-08 4.918044e-08 7.017615e-15 5.259021e-15 3.642121e-15
4.406956e+00 2.646387e-08 2.646375e-08 5.209847e-08 8.049618e-15 3.808253e-15 4.482614e-15
4.406965e+00 2.862009e-08 2.861997e-08 5.487597e-08 8.049618e-15 2.720178e-15 5.323108e-15
4.406972e+00 3.090615e-08 3.090604e-08 5.740046e-08 9.081620e-15 1.994796e-15 5.883440e-15
4.406980e+00 3.334110e-08 3.334099e-08 5.961698e-08 9.288020e-15 5.440347e-16 7.284265e-15
4.406987e+00 3.592797e-08 3.592787e-08 6.142699e-08 1.032002e-14 3.626895e-16 8.264844e-15
4.406994e+00 3.912087e-08 3.912072e-08 7.875268e-08 5.366412e-15 5.077649e-15 2.241315e-15
4.407000e+00 4.214957e-08 4.214942e-08 8.485662e-08 4.540810e-15 5.258990e-15 1.540905e-15
4.407006e+00 4.536822e-08 4.536807e-08 9.130645e-08 3.715208e-15 5.077642e-15 9.805766e-16
4.407012e+00 4.878259e-08 4.878244e-08 9.810272e-08 3.096007e-15 5.077639e-15 4.202474e-16
4.407018e+00 5.239824e-08 5.239808e-08 1.052441e-07 2.064005e-15 5.621668e-15 4.202476e-16
4.407023e+00 5.624439e-08 5.624423e-08 1.127748e-07 1.238403e-15 5.984353e-15 1.400826e-16
4.407028e+00 6.032390e-08 6.032374e-08 1.206846e-07 1.032002e-15 5.984350e-15 4.202480e-16
4.407033e+00 6.463585e-08 6.463569e-08 1.289536e-07 0.000000e+00 6.709722e-15 1.120662e-15
4.407037e+00 6.919278e-08 6.919262e-08 1.375865e-07 4.128009e-16 6.709718e-15 2.241325e-15
4.407041e+00 7.401243e-08 7.401227e-08 1.465958e-07 1.238403e-15 7.253746e-15 2.661574e-15
4.407045e+00 7.911267e-08 7.911251e-08 1.559916e-07 1.238403e-15 7.979117e-15 3.782239e-15
4.407049e+00 8.207164e-08 8.207147e-08 1.656525e-07 1.444803e-15 8.885831e-15 1.821079e-15
4.407053e+00 8.702437e-08 8.702420e-08 1.757517e-07 1.238403e-15 9.611201e-15 2.521494e-15
4.407056e+00 9.221190e-08 9.221173e-08 1.862203e-07 8.256018e-16 1.033657e-14 1.961163e-15
4.407060e+00 9.764168e-08 9.764150e-08 1.970388e-07 1.651204e-15 1.069925e-14 2.101247e-15
4.407063e+00 1.033075e-07 1.033073e-07 2.081557e-07 1.651204e-15 1.142462e-14 2.381414e-15
4.407066e+00 1.092740e-07 1.092738e-07 2.196560e-07 1.651204e-15 1.178731e-14 2.661581e-15
4.407068e+00 1.155056e-07 1.155055e-07 2.314184e-07 1.857604e-15 1.233133e-14 2.101249e-15
4.407071e+00 1.220530e-07 1.220529e-07 2.434876e-07 1.857604e-15 1.269401e-14 2.661582e-15
4.407074e+00 1.288769e-07 1.288767e-07 2.557211e-07 2.889606e-15 1.360072e-14 2.941749e-15
4.407076e+00 1.360665e-07 1.360663e-07 2.682257e-07 2.476805e-15 1.450744e-14 2.381417e-15
4.407078e+00 1.435934e-07 1.435932e-07 2.808640e-07 3.302407e-15 1.523280e-14 2.521501e-15
4.407081e+00 1.514963e-07 1.514962e-07 2.936226e-07 2.889606e-15 1.541414e-14 2.381418e-15
4.407083e+00 1.597932e-07 1.597930e-07 3.064358e-07 3.508808e-15 1.577682e-14 2.521502e-15
4.407085e+00 1.685188e-07 1.685187e-07 3.192593e-07 3.921609e-15 1.613951e-14 2.521502e-15
4.407087e+00 3.259131e-07 3.259129e-07 5.353855e-07 3.921609e-15 1.196862e-14 4.202505e-16
4.407088e+00 3.673949e-07 3.673947e-07 6.046309e-07 4.540810e-15 1.214996e-14 2.801670e-16
4.407090e+00 4.125794e-07 4.125792e-07 6.838612e-07 5.572812e-15 1.160593e-14 5.603341e-16
4.407092e+00 4.616533e-07 4.616531e-07 7.744108e-07 5.779213e-15 1.160593e-14 1.400836e-16
4.407093e+00 5.147801e-07 5.147799e-07 8.776970e-07 5.366412e-15 1.088056e-14 2.801672e-16
4.407095e+00 5.720796e-07 5.720793e-07 9.951954e-07 6.398414e-15 1.051787e-14 4.202508e-16
4.407096e+00 6.337929e-07 6.337926e-07 1.128786e-06 6.192014e-15 9.973840e-15 7.004181e-16
4.407097e+00 7.000454e-07 7.000449e-07 1.280295e-06 6.192014e-15 9.429811e-15 1.260753e-15
4.407099e+00 7.710733e-07 7.710728e-07 1.451972e-06 6.604815e-15 9.067124e-15 1.540920e-15
4.407100e+00 8.470965e-07 8.470960e-07 1.646257e-06 6.811215e-15 8.341753e-15 2.101255e-15
4.407101e+00 9.282430e-07 9.282424e-07 1.865655e-06 7.430416e-15 8.341752e-15 1.400837e-15
4.407102e+00 1.014792e-06 1.014791e-06 2.113248e-06 8.256018e-15 8.160409e-15 1.961172e-15
4.407103e+00 1.107046e-06 1.107045e-06 2.392475e-06 7.843217e-15 7.253696e-15 2.801674e-15
4.407104e+00 1.205175e-06 1.205174e-06 2.706854e-06 8.256018e-15 7.072353e-15 2.521507e-15
4.407105e+00 1.309516e-06 1.309516e-06 3.060621e-06 8.462419e-15 7.072352e-15 3.081842e-15
4.407106e+00 1.221661e-06 1.221660e-06 2.535796e-06 6.398414e-15 7.072351e-15 1.821089e-15
4.407106e+00 1.285857e-06 1.285857e-06 2.673044e-06 6.398414e-15 6.528324e-15 2.101256e-15
4.407107e+00 1.351901e-06 1.351900e-06 2.807956e-06 6.811215e-15 5.802954e-15 2.101257e-15
4.407108e+00 1.419971e-06 1.419970e-06 2.939247e-06 6.192014e-15 5.258926e-15 1.821089e-15
4.407109e+00 1.490192e-06 1.490191e-06 3.065305e-06 5.572812e-15 4.714899e-15 2.101257e-15
4.407109e+00 1.562713e-06 1.562713e-06 3.184331e-06 5.366412e-15 4.533557e-15 1.540922e-15
4.407110e+00 1.637654e-06 1.637653e-06 3.294200e-06 5.985613e-15 4.533556e-15 2.241341e-15
4.407111e+00 1.715247e-06 1.715247e-06 3.392719e-06 5.779213e-15 4.352214e-15 2.241341e-15
4.407111e+00 1.795636e-06 1.795635e-06 3.477183e-06 5.779213e-15 3.989529e-15 1.961174e-15
4.407112e+00 1.879052e-06 1.879052e-06 3.544699e-06 5.160011e-15 3.445502e-15 2.101258e-15
4.407112e+00 1.965563e-06 1.965562e-06 3.591633e-06 5.366412e-15 3.445502e-15 1.821090e-15
4.407113e+00 2.055448e-06 2.055448e-06 3.614322e-06 4.540810e-15 3.445502e-15 1.681006e-15
4.407113e+00 2.149201e-06 2.149201e-06 3.609020e-06 4.128009e-15 2.720133e-15 1.540922e-15
4.407114e+00 2.246673e-06 2.246672e-06 3.570128e-06 3.715208e-15 2.176106e-15 1.681006e-15
4.407114e+00 2.348379e-06 2.348379e-06 3.492747e-06 4.128009e-15 2.176106e-15 1.681006e-15
4.407114e+00 2.454269e-06 2.454269e-06 3.370142e-06 4.128009e-15 1.632079e-15 1.681006e-15
4.407115e+00 2.564924e-06 2.564923e-06 3.196059e-06 3.715208e-15 1.088053e-15 1.821090e-15
4.407115e+00 3.794070e-05 3.794070e-05 2.921403e-05 3.096007e-15 2.176106e-15 1.821090e-15
4.407116e+00 4.372297e-05 4.372297e-05 3.473101e-05 3.508808e-15 2.357448e-15 1.681007e-15
4.407116e+00 4.998005e-05 4.998006e-05 4.109689e-05 2.683206e-15 2.538790e-15 1.260755e-15
4.407116e+00 5.673107e-05 5.673107e-05 4.841925e-05 2.683206e-15 2.538790e-15 1.540923e-15
4.407117e+00 6.399564e-05 6.399564e-05 5.681676e-05 2.270405e-15 2.176105e-15 1.120671e-15
4.407117e+00 7.179530e-05 7.179530e-05 6.642334e-05 3.096007e-15 2.176105e-15 8.405034e-16
4.407117e+00 8.015196e-05 8.015196e-05 7.738632e-05 2.683206e-15 2.176105e-15 7.004195e-16
4.407117e+00 8.908927e-05 8.908927e-05 8.987086e-05 2.889606e-15 1.994763e-15 8.405035e-16
4.407118e+00 9.863235e-05 9.863235e-05 1.040609e-04 1.857604e-15 1.632079e-15 8.405035e-16
4.407118e+00 1.088077e-04 1.088077e-04 1.201611e-04 2.270405e-15 2.176105e-15 9.805874e-16
4.407118e+00 1.196429e-04 1.196429e-04 1.383986e-04 2.683206e-15 2.176105e-15 5.603357e-16
4.407118e+00 1.311679e-04 1.311679e-04 1.590269e-04 1.857604e-15 1.994763e-15 2.801678e-16
4.407118e+00 1.434138e-04 1.434138e-04 1.823273e-04 2.064005e-15 1.632079e-15 8.405036e-16
4.407119e+00 1.564137e-04 1.564137e-04 2.086135e-04 1.444803e-15 1.632079e-15 7.004196e-16
4.407119e+00 1.702026e-04 1.702026e-04 2.382336e-04 1.857604e-15 1.994763e-15 2.801679e-16
4.407119e+00 1.848177e-04 1.848177e-04 2.715752e-04 1.651204e-15 2.176105e-15 0.000000e+00
4.407119e+00 2.002977e-04 2.002977e-04 3.090681e-04 2.064005e-15 2.538789e-15 2.801679e-16
4.407119e+00 2.166844e-04 2.166844e-04 3.511918e-04 1.238403e-15 2.538789e-15 2.801679e-16
4.407119e+00 2.340209e-04 2.340209e-04 3.984767e-04 1.444803e-15 2.538789e-15 2.801679e-16
4.407120e+00 2.523539e-04 2.523539e-04 4.515149e-04 1.857604e-15 2.176105e-15 0.000000e+00
4.407120e+00 2.717315e-04 2.717315e-04 5.109613e-04 1.032002e-15 1.994763e-15 1.400839e-16
4.407120e+00 2.922052e-04 2.922052e-04 5.775451e-04 6.192014e-16 1.994763e-15 1.400839e-16
4.407120e+00 3.138290e-04 3.138289e-04 6.520754e-04 6.192014e-16 1.813420e-15 2.801679e-16
4.407120e+00 3.366615e-04 3.366615e-04 7.354541e-04 1.444803e-15 1.269394e-15 1.400839e-16
4.407120e+00 3.607610e-04 3.607610e-04 8.286748e-04 1.238403e-15 1.994762e-15 2.801679e-16
4.407120e+00 3.861924e-04 3.861924e-04 9.328484e-04 1.238403e-15 2.357447e-15 2.801679e-16
4.407120e+00 4.130230e-04 4.130230e-04 1.049205e-03 1.032002e-15 1.813420e-15 2.801679e-16
4.407120e+00 4.413228e-04 4.413228e-04 1.179110e-03 2.064005e-16 1.632078e-15 5.603358e-16
4.407121e+00 4.711679e-04 4.711679e-04 1.324080e-03 8.256018e-16 1.994762e-15 2.801679e-16
4.407121e+00 5.026347e-04 5.026346e-04 1.485794e-03 8.256018e-16 2.176104e-15 1.400840e-16
4.407121e+00 5.358075e-04 5.358075e-04 1.666121e-03 6.192014e-16 2.357446e-15 5.603358e-16
4.407121e+00 5.707746e-04 5.707745e-04 1.867133e-03 1.032002e-15 2.176104e-15 2.801679e-16
4.407121e+00 6.076267e-04 6.076267e-04 2.091127e-03 2.064005e-16 1.813420e-15 0.000000e+00
4.407121e+00 1.464943e-03 1.464943e-03 1.578264e-03 2.683206e-15 3.626841e-16 1.961175e-15
4.407121e+00 1.609309e-03 1.609309e-03 1.714599e-03 3.302407e-15 0.000000e+00 1.961175e-15
4.407121e+00 1.762272e-03 1.762272e-03 1.863033e-03 3.096007e-15 3.626841e-16 2.241343e-15
4.407121e+00 1.924243e-03 1.924243e-03 2.024730e-03 3.302407e-15 0.000000e+00 2.381427e-15
4.407121e+00 2.095650e-03 2.095650e-03 2.200972e-03 3.508808e-15 1.813420e-16 2.521511e-15
4.407121e+00 2.276951e-03 2.276951e-03 2.393172e-03 3.302407e-15 5.440261e-16 2.801679e-15
4.407121e+00 2.468626e-03 2.468626e-03 2.602889e-03 3.302407e-15 7.253681e-16 2.661595e-15
4.407121e+00 2.671182e-03 2.671182e-03 2.831837e-03 3.921609e-15 1.088052e-15 2.801679e-15
4.407121e+00 2.885156e-03 2.885156e-03 3.081910e-03 4.128009e-15 9.067101e-16 2.521511e-15
4.407121e+00 3.111113e-03 3.111113e-03 3.355196e-03 3.921609e-15 1.088052e-15 3.081847e-15
4.407121e+00 3.349653e-03 3.349653e-03 3.654003e-03 4.128009e-15 9.067101e-16 2.661595e-15
4.407121e+00 3.601402e-03 3.601402e-03 3.980869e-03 4.334410e-15 1.450736e-15 3.642183e-15
4.407121e+00 3.867028e-03 3.867028e-03 4.338603e-03 4.128009e-15 1.450736e-15 3.081847e-15
4.407121e+00 4.147228e-03 4.147228e-03 4.730298e-03 3.921609e-15 1.450736e-15 3.642183e-15
4.407122e+00 4.442746e-03 4.442746e-03 5.159381e-03 4.128009e-15 1.632078e-15 3.362015e-15
4.407122e+00 4.754357e-03 4.754357e-03 5.629621e-03 4.334410e-15 1.269394e-15 3.922351e-15
4.407122e+00 5.082884e-03 5.082884e-03 6.145192e-03 4.128009e-15 1.088052e-15 3.922351e-15
4.407122e+00 5.429195e-03 5.429195e-03 6.710704e-03 4.540810e-15 9.067101e-16 3.782267e-15
4.407122e+00 5.794199e-03 5.794199e-03 7.331242e-03 4.334410e-15 9.067101e-16 3.782267e-15
4.407122e+00 6.178859e-03 6.178859e-03 8.012429e-03 4.747210e-15 5.440260e-16 4.062435e-15
4.407122e+00 6.584189e-03 6.584189e-03 8.760482e-03 4.953611e-15 3.626840e-16 3.782267e-15
4.407122e+00 7.011256e-03 7.011256e-03 9.582269e-03 5.160011e-15 9.067101e-16 4.062435e-15
4.407122e+00 7.461181e-03 7.461181e-03 1.048537e-02 4.747210e-15 1.269394e-15 3.642183e-15
4.407122e+00 7.935155e-03 7.935155e-03 1.147819e-02 4.953611e-15 1.269394e-15 3.782267e-15
4.407122e+00 8.434423e-03 8.434423e-03 1.257000e-02 4.747210e-15 1.632078e-15 4.202519e-15
4.407122e+00 8.960295e-03 8.960295e-03 1.377105e-02 4.747210e-15 1.813420e-15 3.642183e-15
4.407122e+00 9.514166e-03 9.514166e-03 1.509271e-02 5.366412e-15 2.176104e-15 4.202519e-15
4.407122e+00 1.009748e-02 1.009748e-02 1.654749e-02 4.747210e-15 2.357446e-15 3.782267e-15
4.407122e+00 1.071179e-02 1.071179e-02 1.814928e-02 5.366412e-15 2.176104e-15 3.922351e-15
4.407122e+00 1.135870e-02 1.135870e-02 1.991342e-02 4.953611e-15 2.720130e-15 4.342603e-15
4.407122e+00 1.203991e-02 1.203991e-02 2.185689e-02 5.366412e-15 2.720130e-15 4.202519e-15
4.407122e+00 1.275722e-02 1.275722e-02 2.399848e-02 4.953611e-15 2.357446e-15 4.202519e-15
4.407122e+00 1.351251e-02 1.351251e-02 2.635894e-02 5.366412e-15 1.994762e-15 4.062435e-15
4.407122e+00 1.000000e+00 1.000000e+00 1.000000e+00 1.486083e-14 8.704416e-15 4.202519e-16
4.407122e+00 1.000000e+00 1.000000e+00 1.000000e+00 1.403523e-14 8.341732e-15 8.405038e-16
4.407122e+00 1.000000e+00 1.000000e+00 1.000000e+00 1.403523e-14 8.523074e-15 4.202519e-16
4.407122e+00 1.000000e+00 1.000000e+00 1.000000e+00 1.403523e-14 8.341732e-15 5.603359e-16
4.407122e+00 1.000000e+00 1.000000e+00 1.000000e+00 1.403523e-14 8.523074e-15 1.400840e-16
4.407122e+00 1.000000e+00 1.000000e+00 1.000000e+00 1.403523e-14 8.885758e-15 2.801680e-16
4.407122e+00 1.000000e+00 1.000000e+00 1.000000e+00 1.300323e-14 8.704416e-15 0.000000e+00
4.407122e+00 1.000000e+00 1.000000e+00 1.000000e+00 1.300323e-14 8.160390e-15 1.400840e-16
